CUT2,SB,MM,TUR,XIP,THU,LPL,MPL,SPL,HAK,HAK1,HAK2,HAK3,HAK4,MUL,MUL1,MUL2,MUL3,TRA,PAG,DFS,DFH,DSM,DSP,DSR,MSC,MSG,MSP,ENG,SAR,EPI,CEBH,CEBS,CEPH,CEPS,DNS,DNH,DRS,DRH,ARF,PWL,SUP,MbO,MbFF,MbDF,MbC,MbPAR,MbSCA,MbH,MbGRA,MbSF,MbPF,BO,EUP,ZG,ZL,ZM,ZS,PB,BB,PS,DF,PL,MB,SG,MA,Bathyrajabrachyurops,Dalatiaslicha,Dipturusoxyrinchus,Myliobatisaquila,RSHC1,RSSC1,Rajaasterias,Rajapolystigma,SSHC1,SSSC1,SSSC2,Scyliorhinuscanicula,Torpedomarmorata,DC,SPOM,BD
SB,0.0,0.0121846,0.0149169,0.00932337,0.015688,0.0154492,0.018345,0.0349647,0.00876504,0.0160719,0.0142153,0.0140599,0.00888589,0.0106351,0.0243281,0.0192371,0.0239065,0.0190991,0.0182876,0.0217637,0.349809,0.0834102,0.122563,0.492426,0.0199448,0.0217854,0.018659,1.92769,1.12776,0.154061,0.0236525,0.0226473,0.0247726,0.0181148,0.0183245,0.109117,0.0168815,0.0336689,0.0186244,0.0139774,0.0614947,0.0246953,0.0211848,0.0219039,0.027835,0.0229677,0.0257367,0.0198752,0.0153397,0.0202188,0.0147414,0.0219275,0.0855639,0.0417576,0.0511049,0.128414,0.0409827,0.0160408,0.0192315,0.0312907,0.0979047,0.0466674,0.0399547,0.0355166,0.0399364,0.0209565,0.016,0.0177061,0.0251965,0.0261994,0.0230002,0.0265562,0.00950978,0.0221624,0.0250533,0.0201256,0.0251888,0.0223299,0.145573,0.0262828,0.0408525
MM,-0.0121846,0.0,-0.000488706,-0.000107526,0.000219783,4.17439e-05,0.000145669,0.00278062,0.000334764,0.000329081,0.000467918,-7.09038e-05,-0.00295137,0.00075082,0.00191162,0.00169734,0.00219214,0.0220773,0.0407608,0.0170073,0.00499376,0.00709182,0.0481067,0.00648785,0.0116225,0.000253182,0.0482235,0.00720374,0.00306877,0.0022518,0.00568984,0.00656665,0.139052,0.192526,0.00354435,0.00103342,0.00136755,0.00115279,-0.000173077,0.000382095,0.00133226,0.000811475,0.000469567,0.000720561,0.000436688,9.11132e-05,0.00385623,0.000448422,0.000130155,0.000659797,-0.00152704,0.00094281,0.00167923,0.000792697,0.00714791,0.00185967,0.000705031,0.000164537,0.000342851,0.000688134,0.00175346,0.000882702,0.00140195,0.00108567,0.00126706,-0.00197409,0.00213402,-0.000808585,-0.00562215,-6.98035e-05,-0.00293747,-0.00192806,-0.0163469,0.000262064,0.00996765,0.00556612,0.000381927,-0.000656891,-0.000661926,0.000403214,0.00105953
TUR,-0.0149169,0.000488706,0.0,0.000242308,0.000898289,0.000670747,0.000912682,0.000885318,0.000524549,0.000806695,0.000528636,0.000471713,-0.0032568,0.00030067,0.000948681,0.000745936,0.000860237,0.00134213,0.000564898,0.00125443,0.00113794,0.00175893,0.00123475,0.00283387,0.000951035,0.00118374,0.000824552,0.000938191,0.000999498,0.000822581,0.000713657,0.000960579,0.0480313,0.00087833,0.000870676,0.00032654,6.72154e-05,0.11944,0.000326841,0.000508459,0.00286845,0.0123314,0.0285899,0.0067858,0.00587167,0.0112317,0.00658781,0.0386856,3.33556,0.00359384,0.0636032,0.00161589,0.000904732,0.000791684,0.000434169,0.000669247,0.000438278,0.000106785,0.000903268,0.00136362,0.000892542,0.00144743,0.00863489,0.00433259,0.0075053,-0.00157623,-0.0030916,-0.000279741,-0.00587228,0.000965361,-0.00267368,-0.00129528,-0.0196311,0.000959738,0.0012031,0.000790343,0.00115567,-0.00019161,0.00560884,0.000613771,0.00422323
XIP,-0.00932337,0.000107526,-0.000242308,0.0,0.000306616,0.000168277,0.0721879,0.013927,0.00146985,0.00111369,0.00156282,7.22732e-05,-0.00217991,0.000698715,0.000862097,0.00208369,0.0100933,0.00812671,0.000319953,0.0194792,0.00410954,0.00527927,0.00839592,0.00836555,0.0129395,0.00038598,0.00696555,0.0589554,0.028291,0.000793774,0.0184069,0.00755298,0.143869,0.254374,0.00290729,0.00351252,0.00196807,0.000999566,0.000100794,0.000216209,0.002429,0.00136162,0.000787058,0.000886025,0.000843985,0.000340327,0.00448074,0.000632941,0.000278332,0.000592576,-0.000851702,0.00151018,0.002759,0.000506965,0.00277935,0.0035005,0.00098904,0.000279496,0.000673583,0.000853872,0.00296571,0.00125267,0.00182282,0.00133212,0.00164405,-0.00132559,0.00465406,-0.000462459,-0.00407958,0.000177791,-0.00204472,-0.00124095,-0.0124243,0.000509558,0.0132961,0.00753686,0.000660747,-0.000177133,0.000452987,0.000578839,0.00141967
THU,-0.015688,-0.000219783,-0.000898289,-0.000306616,0.0,-0.000224922,0.0258786,0.014159,2.92425e-05,-8.03778e-06,-1.51854e-05,-0.000349414,-0.00396025,0.000403489,0.0022096,0.000558484,0.000862996,0.0130015,-0.000339971,0.00951563,0.00183683,0.00127221,0.0728267,0.00738692,0.00580895,3.86309e-05,0.0334953,0.00433826,0.00383533,0.000118688,0.00114417,0.00027579,0.00263659,0.0507577,0.000878957,0.000124616,-0.000488437,-0.000433497,-0.000719381,-0.000184761,0.000324084,-0.000325544,5.67925e-05,5.80564e-05,-0.000407169,-0.000480057,-0.000653437,-0.000186817,-0.00023498,0.000167811,-0.0029539,4.42427e-05,0.000808193,7.81737e-05,0.000528503,0.000633613,6.47053e-05,-0.000187609,-7.4348e-05,0.000213726,0.000792135,0.000296694,0.000461295,0.000372141,0.000418148,-0.0029197,-0.00284294,-0.00136045,-0.00769314,-0.000562453,-0.00419694,-0.00296144,-0.0212185,-0.000271213,0.00235197,0.00109613,-0.000231797,-0.00148502,-0.00270197,-0.00011396,0.000169236
LPL,-0.0154492,-4.17439e-05,-0.000670747,-0.000168277,0.000224922,0.0,0.0473555,0.0265225,0.000188127,0.000220544,0.000184211,-0.000143344,-0.00377256,0.000131894,0.000496509,0.000777129,0.00104143,0.129428,-0.000270948,0.00954528,0.00210425,0.00145388,0.00960551,0.000609055,0.0103911,0.0650382,0.1045,0.00927512,0.0249105,0.000797655,0.0012824,0.00629688,0.00947297,0.0141083,0.00112806,0.00236215,0.000498323,-0.000227677,-0.000366207,0.0029759,0.00156884,0.000764436,0.000512907,0.000453803,0.000138405,7.3451e-05,1.89874e-05,8.86973e-05,7.20325e-06,0.00202522,-0.0026418,0.000369358,0.00186871,0.00965787,0.00435764,0.00196996,0.000839783,0.000123149,0.000315999,0.000707291,0.00192894,0.000906673,0.00136831,0.00104179,0.00118337,-0.00257479,-0.00354383,-0.00108589,-0.00721478,-0.000178264,-0.00380329,-0.00253561,-0.0207592,1.23102e-05,0.000833671,0.000319983,8.34407e-05,-0.00118568,-0.000936236,0.000347236,0.000949615
MPL,-0.018345,-0.000145669,-0.000912682,-0.0721879,-0.0258786,-0.0473555,0.0,0.212476,5.52454e-05,5.46884e-05,-0.00010203,-0.000279985,-0.0045497,-0.000216232,-1.97081e-05,0.000110865,0.000120303,0.0327605,-0.000436686,0.00414228,0.0010862,0.0228513,0.00126914,0.00279003,0.00984271,0.000122845,0.000256766,0.00686501,0.00458451,0.000217561,0.00155403,0.0033285,0.0395804,0.00976164,0.000421319,0.00411478,-0.000291759,0.000182572,-0.000617864,0.000367722,0.00109806,0.000798136,0.00287383,0.000396729,-9.39142e-05,-0.00034006,0.000595071,2.52651e-05,-0.000101731,0.000619698,-0.00315817,0.0012703,0.00581122,0.00115847,0.00100276,0.00287327,0.000590868,-1.62147e-05,0.000206502,0.000633736,0.00455803,0.00100811,0.00130962,0.000944421,0.00107748,-0.0032207,-0.0111037,-0.00142746,-0.00876343,-0.000417803,-0.00469538,-0.00321778,-0.0247244,-0.0146315,-7.71884e-05,-0.00078042,-0.00634495,-0.0228994,-0.00223244,0.000218302,0.000774549
SPL,-0.0349647,-0.00278062,-0.000885318,-0.013927,-0.014159,-0.0265225,-0.212476,0.0,-4.03844e-05,-8.05971e-05,-0.000285598,-0.000387241,-0.00492987,-0.000336126,-0.000230731,-0.000304449,-0.000389568,-0.000291663,-0.00055964,2.88157e-05,-0.000124495,-0.000158368,-0.0956652,-0.000264993,0.0105181,-2.43581e-05,-0.000137921,-1.55645e-07,-0.000163295,2.28724e-05,-0.000251329,-0.00030104,-0.000547833,-0.00262124,-3.74888e-05,-0.000498444,-0.000807059,-0.000676085,-0.000605143,-0.000506069,0.000224346,-0.000229338,0.00092738,7.31105e-05,-0.00044144,-0.000501105,-0.000677858,-0.000182891,-0.000206663,1.71721e-05,-0.00293106,-0.000111591,0.000320748,0.000988431,6.04322e-05,0.00847508,0.000392629,-8.11872e-06,-6.75194e-05,0.000467341,0.00330061,0.00151251,0.000471105,0.000511467,0.000488941,-0.00291268,-0.014433,-0.00480156,-0.00765999,-0.0035972,-0.00454623,-0.00291814,-0.0212632,-0.0287562,-0.00100378,-0.00166241,-0.00137987,-0.00528783,-0.00297491,0.000223766,0.000238538
HAK,-0.00876504,-0.000334764,-0.000524549,-0.00146985,-2.92425e-05,-0.000188127,-5.52454e-05,4.03844e-05,0.0,-4.25126e-05,-0.0153476,-0.000363157,-0.325883,-0.000311216,-0.000125212,-8.23023e-05,-0.000219197,-1.02701e-05,-0.000229506,-0.01298,-7.9642e-05,-8.81475e-05,-0.00106753,-6.46675e-05,-0.000134199,2.59448e-05,-0.000127691,9.30021e-05,-5.90114e-05,7.36363e-05,-8.99805e-05,-1.75847e-05,-0.000163788,-0.000602465,-4.53847e-05,-0.00010229,-5.16179e-05,-8.276e-05,-4.1525e-05,-0.000137008,-0.000118429,-0.000108855,-2.39987e-05,-2.04444e-05,-0.000129073,-0.00012754,-0.000146404,-0.00034434,-0.000136041,5.88793e-05,-0.00352178,-0.000124889,0.0295868,2.7323e-05,3.77164e-05,0.00703681,0.00252355,0.000579449,-0.000294176,0.00113544,0.0200361,0.00207821,0.000245427,0.000645418,0.000496915,-0.00159391,-0.00428323,-0.00161444,-0.00266064,-0.000228672,-0.00150031,-0.000841428,-0.00872778,-0.000135755,-7.85672e-05,-0.00151101,-0.000268576,-0.00131315,-7.76729e-05,0.000770344,6.72387e-05
HAK1,-0.0160719,-0.000329081,-0.000806695,-0.00111369,8.03778e-06,-0.000220544,-5.46884e-05,8.05971e-05,4.25126e-05,0.0,-0.00991747,-0.000433477,-0.212083,-0.000262286,-0.000124992,-0.0002574,-0.000337881,-0.000146809,-0.000464036,-0.0106748,0.0130187,0.000319875,-0.001047,-0.000154998,0.00346302,0.000100852,-8.03432e-05,8.55973e-05,-8.3893e-05,0.00233305,0.000100243,-0.000185344,-0.000151939,-0.000517783,0.00492001,-4.56423e-05,-0.000633456,-0.000450534,-0.000599695,-0.00040648,0.00132494,-0.000396432,0.000133546,0.000244444,-0.00019555,-0.000281165,-0.000612239,-7.3824e-05,-0.000110973,0.000217312,-0.00290524,0.00031446,0.0301904,0.000554925,0.000611451,0.00148696,0.00109565,0.000152205,0.000242817,0.000872571,0.0183439,0.00126794,0.000988842,0.00094565,0.00100982,-0.0029163,-0.0162016,-0.0029842,-0.00767703,-0.036127,-0.00430441,-0.00282551,-0.0216522,-0.0212747,-0.000965313,-0.00271822,-0.0142511,-0.0488769,-0.00249104,0.000345355,0.000839408
HAK2,-0.0142153,-0.000467918,-0.000528636,-0.00156282,1.51854e-05,-0.000184211,0.00010203,0.000285598,0.0153476,0.00991747,0.0,-0.000326251,-0.14124,2.00716e-05,0.000256999,0.000502122,0.000642825,0.14641,-0.000156639,-0.0226073,0.00247045,0.020408,-0.0018719,0.000745358,0.00766906,0.000365231,0.00024052,0.00613415,0.00209428,0.000662639,0.00334038,0.000142735,0.0134916,0.00498625,0.0179234,0.00292907,-1.71846e-06,6.15432e-05,0.00332362,0.0157626,0.00125169,0.00232453,0.000733507,0.000807378,0.000539686,6.977e-05,0.000246244,0.000206159,0.000119894,0.0026025,-0.00230801,0.002022,0.00518678,0.000429628,0.00410977,0.00124993,0.000896119,0.000161884,0.000420462,0.000791292,0.00361162,0.000927741,0.00157819,0.00126097,0.00136155,-0.00246177,-0.0222342,-0.0405844,-0.00645685,-0.052586,-0.00791663,-0.00215957,-0.0190109,-0.0308077,-0.000814277,-0.00469137,-0.0206588,-0.0705118,0.000132603,0.000418771,0.00122166
HAK3,-0.0140599,7.09038e-05,-0.000471713,-7.22732e-05,0.000349414,0.000143344,0.000279985,0.000387241,0.000363157,0.000433477,0.000326251,0.0,-0.134204,9.67554e-05,0.00036535,0.000785795,0.00102235,0.254619,-0.000104893,0.00789961,0.00834705,0.000849421,0.000583042,0.00066618,0.00357844,0.000426812,0.000592932,0.0105343,0.00523545,0.00082419,0.00260065,0.00033828,0.0100553,0.0138777,0.0203082,0.0047976,0.000722919,0.0113708,-0.000218097,0.0231581,0.00114439,0.00081873,0.000800553,0.000758551,0.000467796,7.08654e-05,0.000222172,0.000237897,0.000147748,0.00412596,-0.00228527,0.00124275,0.00252104,0.00052558,0.00582265,0.00145955,0.00120823,0.000263566,0.000349503,0.000860397,0.00214264,0.000967857,0.00141944,0.00117053,0.00125546,-0.00214845,-0.027729,-0.0425359,-0.00633167,-0.045673,-0.00808468,-0.00206065,-0.0188039,-0.0478713,-0.000922832,-0.00251212,-0.0315579,-0.109045,0.000718143,0.000538822,0.00107087
HAK4,-0.00888589,0.00295137,0.0032568,0.00217991,0.00396025,0.00377256,0.0045497,0.00492987,0.325883,0.212083,0.14124,0.134204,0.0,0.0226258,0.0170958,0.0663846,0.0886904,2.95108,0.00438812,0.645299,0.0749153,0.0268882,0.0120292,0.00957863,0.0432191,0.00546154,0.00790574,0.121579,0.0391247,0.00847851,0.0445822,0.0104197,0.0882357,0.130976,0.0243664,0.0604123,0.0107689,0.0068224,0.00499702,0.18282,0.0121498,0.0155001,0.00729847,0.0073864,0.00923242,0.00596878,0.0114664,0.0049695,0.00397065,0.0452205,0.00280619,0.00881865,0.0463696,0.00576975,0.0451999,0.01685,0.0148762,0.00519466,0.00430404,0.00791378,0.0339858,0.00912384,0.0117315,0.00954398,0.0104085,0.00363646,0.00505962,-0.781826,0.00200307,0.00629515,-0.0876951,0.0050264,-0.00961783,0.00554467,0.0126335,0.00853341,0.00636091,0.00491313,0.0339868,0.00727064,0.0102389
MUL,-0.0106351,-0.00075082,-0.00030067,-0.000698715,-0.000403489,-0.000131894,0.000216232,0.000336126,0.000311216,0.000262286,-2.00716e-05,-9.67554e-05,-0.0226258,0.0,0.000273299,0.000265032,0.000204551,0.000325965,8.44108e-05,-0.0294348,0.000200984,0.000235249,-0.0184701,0.000295132,0.000166223,0.000456177,0.000139435,0.000351974,0.000173985,0.00039107,0.000240896,0.000410772,-5.27831e-05,-0.00107966,0.00031661,0.000165113,0.000229839,0.00020614,0.000324777,0.000338004,0.00202742,0.00263329,0.00103754,0.00141599,0.0134224,0.00215313,0.000216509,0.000403838,0.000943911,0.000933565,-0.00337723,0.0186945,0.0004519,0.000410041,0.000173669,0.00176712,0.000735014,0.000112105,0.00190732,0.00106348,0.00104686,0.00121065,0.00323097,0.00254059,0.00239522,-0.0597498,-0.0265402,-0.00289864,-0.0959109,-0.0137689,-0.00147615,-0.279521,-0.318903,-0.0184636,-0.00129546,-0.00541575,-0.0602351,-0.029964,0.00242469,0.000427383,0.00290271
MUL1,-0.0243281,-0.00191162,-0.000948681,-0.000862097,-0.0022096,-0.000496509,1.97081e-05,0.000230731,0.000125212,0.000124992,-0.000256999,-0.00036535,-0.0170958,-0.000273299,0.0,-0.000226984,-0.000311464,-5.73861e-05,-0.000465751,-0.0172978,-4.46176e-05,3.86338e-05,-0.0754242,-5.97841e-05,4.09949e-05,0.000310825,2.21832e-05,0.000184305,-4.23107e-05,0.0002818,-0.000136099,-9.42745e-05,-0.000448509,-0.00113712,0.000149098,-0.000494269,-0.000845544,-0.000784526,-0.000714197,-0.000337851,0.00223592,0.00212453,0.00921299,0.00307541,0.0103676,0.0138505,0.00908336,0.00142056,0.000819648,0.000770038,-0.00176383,0.00361819,0.000319747,0.000271938,0.000963024,0.000279805,0.000103193,-0.00017154,0.000491554,0.000737417,0.000420509,0.000780082,0.00332786,0.00199093,0.00227999,-0.34621,-0.0547742,-0.00715358,-0.558403,-0.0830535,-0.00583796,-1.64004,-1.84561,-0.0911059,-0.00372364,-0.00779551,-0.0637791,-0.216943,-0.00152862,9.42656e-05,0.00204267
MUL2,-0.0192371,-0.00169734,-0.000745936,-0.00208369,-0.000558484,-0.000777129,-0.000110865,0.000304449,8.23023e-05,0.0002574,-0.000502122,-0.000785795,-0.0663846,-0.000265032,0.000226984,0.0,-2.8263e-05,5.01836e-05,-0.000239752,-0.0902721,9.32859e-05,0.00101194,-0.00860006,7.40689e-05,-9.01202e-05,0.000512706,-7.55795e-05,0.000236089,2.84475e-05,0.000271896,1.63182e-05,-5.68899e-05,-0.00152079,-0.00382356,0.000886232,0.094841,-0.00054768,-0.000552042,-0.000466657,-0.000209129,0.00104352,0.00286219,0.00301912,0.00808261,0.00925978,0.00132361,0.00449804,0.000852719,0.000736783,0.000836019,-0.0024422,0.00188541,0.000363133,0.000233165,0.000129836,0.000245233,9.7589e-05,-0.000164671,0.000309662,0.000643082,0.000420046,0.000686279,0.00379891,0.00201021,0.00325248,-0.0499167,-0.0245446,-0.00662782,-0.0825834,-0.0116807,-0.00500219,-0.0343429,-0.271994,-0.0172747,-0.000840417,-0.0107524,-0.0171074,-0.0550871,0.00140844,0.000148331,0.00151176
MUL3,-0.0239065,-0.00219214,-0.000860237,-0.0100933,-0.000862996,-0.00104143,-0.000120303,0.000389568,0.000219197,0.000337881,-0.000642825,-0.00102235,-0.0886904,-0.000204551,0.000311464,2.8263e-05,0.0,8.43366e-05,-0.000270906,-0.121408,0.000180658,0.00799708,-0.0144595,0.000124083,-0.000125932,0.000664983,-0.00010441,0.00036058,0.000102497,0.000644497,7.15564e-05,-2.76641e-05,-0.00106356,-0.00510803,0.027368,0.0153098,-0.000575842,-0.000434342,-0.000464957,-0.000181308,0.000958466,0.00618209,0.0230057,0.0116486,0.0272278,0.0158527,0.0111123,0.00229061,0.00203382,0.00203558,-0.00159963,0.00272704,0.00071663,0.000533433,0.00310519,0.000476286,0.000262137,-0.000100721,0.000488516,0.00103958,0.0007466,0.00110837,0.0065887,0.00316369,0.00405292,-0.159026,-0.0211895,-0.00941551,-0.25776,-0.0377571,-0.00628014,-0.108676,-0.855165,-0.00634689,-0.000238887,-0.0130609,-0.00129714,-0.00158345,0.000975943,0.000378424,0.00259308
TRA,-0.0190991,-0.0220773,-0.00134213,-0.00812671,-0.0130015,-0.129428,-0.0327605,0.000291663,1.02701e-05,0.000146809,-0.14641,-0.254619,-2.95108,-0.000325965,5.73861e-05,-5.01836e-05,-8.43366e-05,0.0,-0.000389595,-0.00491321,0.00402988,0.00040887,-0.000772935,0.000281077,0.00429674,0.000301947,0.000427469,0.0135977,0.00404739,0.000645577,0.00147445,4.5426e-05,-0.00129305,0.0112509,0.00193792,0.00566825,-0.000123425,-0.000536605,-0.000595245,0.00805309,0.000653989,0.000401399,0.000394654,0.000454749,-6.77427e-05,-0.000279565,-0.00022059,5.57283e-05,-2.45336e-05,0.00481471,-0.00331036,0.000301717,0.00242403,0.000359428,0.00463024,0.00160521,0.0013606,0.000202117,3.32368e-05,0.000770976,0.00217197,0.000863781,0.00105315,0.000881185,0.000949668,-0.0600618,-0.00999133,-0.0130314,-0.0121859,-0.0124663,-0.00601501,-0.0142021,-0.0361176,-0.0097213,0.000421077,-0.000986548,-0.00604506,-0.0143595,-0.000498398,0.000395267,0.000580038
PAG,-0.0182876,-0.0407608,-0.000564898,-0.000319953,0.000339971,0.000270948,0.000436686,0.00055964,0.000229506,0.000464036,0.000156639,0.000104893,-0.00438812,-8.44108e-05,0.000465751,0.000239752,0.000270906,0.000389595,0.0,0.000651442,0.00753203,0.00482345,-0.00724007,0.000960128,0.000926833,0.000740137,0.000582509,0.000397329,0.000184352,0.00050847,0.0247681,0.0210802,-0.000649633,0.000952271,0.00478441,0.00555826,0.00223858,0.0037987,-0.000209538,1.85698e-05,0.00156086,0.00599723,0.00311886,0.0147185,0.022071,0.00460795,0.0611347,0.00586013,0.00259155,0.00179636,0.0056475,0.00241482,0.000957654,0.000444035,0.000666118,0.000464026,0.000215559,-7.67615e-05,0.000579388,0.000839756,0.000850224,0.000886348,0.00630689,0.00318145,0.00441845,-0.0687252,-0.00447386,-0.00156725,-0.113768,-0.0155143,-0.00401177,-0.0474619,-0.376898,-1.57199e-05,0.000667794,0.000298441,0.000156453,-0.000965506,0.00280564,0.000266734,0.00246601
DFS,-0.0217637,-0.0170073,-0.00125443,-0.0194792,-0.00951563,-0.00954528,-0.00414228,-2.88157e-05,0.01298,0.0106748,0.0226073,-0.00789961,-0.645299,0.0294348,0.0172978,0.0902721,0.121408,0.00491321,-0.000651442,0.0,0.0117232,0.00761979,-0.0700977,-0.000647242,-0.00213187,0.000203423,-0.00267015,0.000595333,6.18758e-05,0.000307662,0.00660567,0.00339644,-0.00879199,-0.0316996,0.00403054,0.0027945,0.000589863,-0.000110744,-0.000504969,-4.31003e-05,0.0020068,0.000936512,0.000600095,0.000722719,0.000629371,5.10997e-05,-0.000132098,4.85611e-05,-4.52829e-06,0.000928887,-0.00295672,0.00110692,0.00557896,0.000223277,0.00198616,0.000956471,0.000309111,-7.37514e-05,0.000417973,0.000611541,0.00372189,0.000776543,0.00165252,0.0011778,0.00138944,-0.0113211,-0.106591,-0.0547016,-0.00961011,-0.00708893,-0.0103236,-0.00359061,-0.0283055,-0.00131444,-0.00388703,-0.0995325,-0.013348,-0.00207345,-0.00132847,0.000136663,0.00117169
DFH,-0.349809,-0.00499376,-0.00113794,-0.00410954,-0.00183683,-0.00210425,-0.0010862,0.000124495,7.9642e-05,-0.0130187,-0.00247045,-0.00834705,-0.0749153,-0.000200984,4.46176e-05,-9.32859e-05,-0.000180658,-0.00402988,-0.00753203,-0.0117232,0.0,0.00209027,-0.0453907,-0.0077774,-0.000232127,0.000155364,-0.000232201,0.000155467,-7.7052e-06,-0.00121153,-5.84444e-05,-0.000405862,-0.00977376,-0.00439426,0.000450459,0.00224441,-1.18647e-05,0.000713138,-0.000475538,-0.000285877,0.00214381,-5.53685e-05,0.000399365,0.000683975,0.000208144,0.000677378,0.00070926,0.000165749,4.20291e-05,0.000305073,-0.00253845,0.000840784,0.00414527,-9.2072e-05,-2.04869e-05,0.000833844,0.000245899,-7.2881e-05,0.000443385,0.000649192,0.00282949,0.000788295,0.00149709,0.00112725,0.00132588,-0.00601843,-0.0185188,-0.00776978,-0.00777281,-0.00233962,-0.00441172,-0.00288618,-0.0249346,-0.00605647,-0.00109119,-0.00310143,-0.0407356,-0.00736455,-0.000769012,0.000383089,0.0010595
DSM,-0.0834102,-0.00709182,-0.00175893,-0.00527927,-0.00127221,-0.00145388,-0.0228513,0.000158368,8.81475e-05,-0.000319875,-0.020408,-0.000849421,-0.0268882,-0.000235249,-3.86338e-05,-0.00101194,-0.00799708,-0.00040887,-0.00482345,-0.00761979,-0.00209027,0.0,-0.0107204,-0.00530547,7.56654e-06,0.000204839,-5.39033e-06,0.000144043,-3.73624e-05,0.000128125,-0.00156575,-0.0202545,-0.0203895,-0.0023041,0.00011664,0.00147892,-0.000680621,-0.000630553,-0.000589436,-0.000314193,0.00198112,0.00034787,0.000256263,0.000323582,3.20868e-06,-0.000285883,-0.000787778,-2.12301e-05,-4.46264e-05,0.000252064,-0.00306389,0.0073946,0.00482972,0.000162324,5.98228e-05,0.000389744,0.000244713,-9.03979e-05,0.000782078,0.000684302,0.00308119,0.000767504,0.00180786,0.00126103,0.00136317,-0.28692,-0.0892739,-0.00309003,-0.0925943,-0.0146722,-0.0043564,-0.0388053,-0.691329,-0.0317734,-0.00888079,-0.0240696,-0.0299369,-0.559596,-0.0017751,0.000357536,0.0012667
DSP,-0.122563,-0.0481067,-0.00123475,-0.00839592,-0.0728267,-0.00960551,-0.00126914,0.0956652,0.00106753,0.001047,0.0018719,-0.000583042,-0.0120292,0.0184701,0.0754242,0.00860006,0.0144595,0.000772935,0.00724007,0.0700977,0.0453907,0.0107204,0.0,0.0102435,0.00481181,0.000353484,0.0354934,0.00231942,0.00274689,0.0013185,0.000570106,0.000730994,-0.0035256,-0.0102958,0.000829249,0.00258241,-0.000354983,0.000299314,-0.000570485,-0.000292489,0.00174024,0.000632212,0.000740528,0.000738423,0.000351188,0.000433363,0.000309874,0.000195173,3.94362e-05,0.000443915,-0.00332078,0.00104894,0.00315149,0.000490374,0.000362265,0.0017736,0.000252341,-0.000128249,0.000320762,0.000638558,0.00260516,0.000880613,0.001538,0.00117516,0.00136759,-0.00378371,-0.014131,-0.083453,-0.00968744,-0.00151083,-0.0142163,-0.00341881,-0.0282941,-0.0231696,-0.000360557,-0.00173595,-0.00190943,-0.00240638,-0.000137151,0.000218505,0.00105324
DSR,-0.492426,-0.00648785,-0.00283387,-0.00836555,-0.00738692,-0.000609055,-0.00279003,0.000264993,6.46675e-05,0.000154998,-0.000745358,-0.00066618,-0.00957863,-0.000295132,5.97841e-05,-7.40689e-05,-0.000124083,-0.000281077,-0.000960128,0.000647242,0.0077774,0.00530547,-0.0102435,0.0,0.000232307,0.000332799,0.000105219,0.000600857,9.8988e-05,0.000732973,-0.00512695,-1.9263e-05,-0.0271862,-0.00204844,0.000479139,0.00522426,-0.000729481,0.0297773,-0.000655667,-0.000339316,0.00181622,0.00260552,0.00313708,0.00197382,0.00255605,0.00386612,0.00289353,0.00438892,0.000331006,0.00048525,-0.00285314,0.000950702,0.00244045,0.000275938,7.5685e-05,0.00104221,0.000164707,-0.000159262,0.00033267,0.000643609,0.00192687,0.000798363,0.00223056,0.00146809,0.00207457,-0.0748535,-0.0598127,-0.00294233,-0.0266883,-0.00302889,-0.00502059,-0.0106607,-0.0851996,-0.147429,-0.00415455,-0.00727327,-0.0128782,-0.0189097,-0.000506332,0.000144415,0.0013465
MSC,-0.0199448,-0.0116225,-0.000951035,-0.0129395,-0.00580895,-0.0103911,-0.00984271,-0.0105181,0.000134199,-0.00346302,-0.00766906,-0.00357844,-0.0432191,-0.000166223,-4.09949e-05,9.01202e-05,0.000125932,-0.00429674,-0.000926833,0.00213187,0.000232127,-7.56654e-06,-0.00481181,-0.000232307,0.0,0.000164139,-0.0421481,0.000118032,-9.50258e-05,0.000157368,8.9113e-05,-0.00448582,-0.000263521,-0.0164654,0.000332381,-0.000336514,-0.000816102,-0.000335887,-2.50818e-06,-0.000359265,0.00182799,0.00160763,0.000407903,0.000544002,4.10088e-05,-0.000291661,0.000477133,4.23239e-05,-7.06421e-05,0.000240143,-0.00334825,0.000165392,0.00148705,0.000169689,0.000451774,0.00188335,0.000288452,-0.000109551,0.000426088,0.000642441,0.0016699,0.000874889,0.00155851,0.00149461,0.00156646,-0.101948,-0.0951856,-0.00338269,-0.0294159,-0.00515502,-0.00513235,-0.01205,-0.0930505,-0.000771013,-0.0162145,-0.0055543,-0.00359779,-0.00212581,-0.00238185,3.1778e-05,0.00164498
MSG,-0.0217854,-0.000253182,-0.00118374,-0.00038598,-3.86309e-05,-0.0650382,-0.000122845,2.43581e-05,-2.59448e-05,-0.000100852,-0.000365231,-0.000426812,-0.00546154,-0.000456177,-0.000310825,-0.000512706,-0.000664983,-0.000301947,-0.000740137,-0.000203423,-0.000155364,-0.000204839,-0.000353484,-0.000332799,-0.000164139,0.0,-0.000163095,3.50931e-05,-0.000191029,0.00247078,-0.000342959,-0.000393318,-0.000255274,-0.000188744,3.22347e-05,-0.00071801,-0.00110295,-0.00104507,-0.00102489,-0.000680781,-0.000127039,-0.000373437,0.000446641,8.93324e-05,-0.000662878,-0.000689166,-0.00137729,-0.000258735,-0.000271147,5.8844e-05,-0.00410776,-0.000142019,0.000141581,0.0660981,0.0099206,0.00246233,0.000823881,8.22137e-05,-0.000219208,0.000746392,0.00112784,0.000983286,0.000716681,0.000894293,0.000742689,-0.00396502,-0.00578573,-0.00181362,-0.0105757,-0.000669197,-0.00572997,-0.00399907,-0.0294249,-0.00035709,-0.000232773,-0.000443804,-0.000311118,-0.00205187,-0.00426978,0.00044574,0.000565096
MSP,-0.018659,-0.0482235,-0.000824552,-0.00696555,-0.0334953,-0.1045,-0.000256766,0.000137921,0.000127691,8.03432e-05,-0.00024052,-0.000592932,-0.00790574,-0.000139435,-2.21832e-05,7.55795e-05,0.00010441,-0.000427469,-0.000582509,0.00267015,0.000232201,5.39033e-06,-0.0354934,-0.000105219,0.0421481,0.000163095,0.0,0.000117648,-7.03875e-05,0.000155845,5.11667e-05,-0.00142828,-0.000187609,-0.0158696,0.000294755,-0.000293978,-0.000709402,-0.000305789,-2.23818e-05,-0.00030852,0.00188959,0.00132363,0.000363061,0.00048417,7.42089e-05,-0.000246757,0.000356941,4.78808e-05,-4.90992e-05,0.000229761,-0.00294621,0.000171491,0.0030518,0.000165286,0.000392245,0.0022458,0.000340703,-6.30188e-05,0.00044326,0.000628232,0.00270262,0.000921349,0.00147943,0.00135587,0.00145249,-0.00305315,-0.00794637,-0.00275883,-0.00811666,-0.000572777,-0.0044851,-0.00295185,-0.0230726,-0.000511028,-0.000460962,-0.000597504,-0.000115667,-0.00156308,-0.00205523,8.33941e-05,0.00148851
ENG,-1.92769,-0.00720374,-0.000938191,-0.0589554,-0.00433826,-0.00927512,-0.00686501,1.55645e-07,-9.30021e-05,-8.55973e-05,-0.00613415,-0.0105343,-0.121579,-0.000351974,-0.000184305,-0.000236089,-0.00036058,-0.0135977,-0.000397329,-0.000595333,-0.000155467,-0.000144043,-0.00231942,-0.000600857,-0.000118032,-3.50931e-05,-0.000117648,0.0,-0.000125591,0.000122221,-0.000378093,-0.000163843,-0.00576557,-0.0139816,-8.92043e-05,0.00537357,-0.000422036,-0.000427637,-0.000398515,-0.000338763,-9.00145e-05,-9.43697e-05,4.83223e-05,1.38701e-05,-0.000271812,-0.000303447,-0.0002419,-0.00023187,-0.000163467,-6.55276e-06,-0.00352656,-6.05858e-05,0.00277288,3.47722e-05,0.00179532,0.00549221,0.0013251,0.00018342,-0.00021205,0.00064928,0.00374645,0.00124485,0.000294457,0.000412022,0.000389838,-0.00445256,-0.00399328,-0.00160753,-0.00502192,-0.00105359,-0.00268075,-0.00226293,-0.0149262,-0.000758983,-0.000162918,-0.000369804,-0.00158541,-0.00204199,-0.00132159,0.000392802,-5.45383e-05
SAR,-1.12776,-0.00306877,-0.000999498,-0.028291,-0.00383533,-0.0249105,-0.00458451,0.000163295,5.90114e-05,8.3893e-05,-0.00209428,-0.00523545,-0.0391247,-0.000173985,4.23107e-05,-2.84475e-05,-0.000102497,-0.00404739,-0.000184352,-6.18758e-05,7.7052e-06,3.73624e-05,-0.00274689,-9.8988e-05,9.50258e-05,0.000191029,7.03875e-05,0.000125591,0.0,0.00028929,-0.000114884,9.63688e-05,-0.0107181,-0.00226105,0.000101615,-0.000154818,-0.00023067,-0.000229535,-0.000162842,-6.03635e-05,0.00547232,-0.000140017,0.000151187,0.00026637,0.00064698,-2.27468e-05,-0.000356136,-3.75524e-05,4.2325e-05,0.000235939,-0.00327336,0.000355372,0.000279014,0.000229862,0.00207725,0.000896644,0.000151402,-0.000127919,0.00117587,0.000682468,0.000598865,0.000843283,0.00263601,0.00123937,0.00190195,-0.00376713,-0.00486774,-0.0010361,-0.00640401,-0.00298,-0.00224707,-0.0282253,-0.0201627,-0.00332531,6.38667e-06,-0.000259742,-0.00256851,-0.00227711,0.000325496,0.000141606,0.00133717
EPI,-0.154061,-0.0022518,-0.000822581,-0.000793774,-0.000118688,-0.000797655,-0.000217561,-2.28724e-05,-7.36363e-05,-0.00233305,-0.000662639,-0.00082419,-0.00847851,-0.00039107,-0.0002818,-0.000271896,-0.000644497,-0.000645577,-0.00050847,-0.000307662,0.00121153,-0.000128125,-0.0013185,-0.000732973,-0.000157368,-0.00247078,-0.000155845,-0.000122221,-0.00028929,0.0,-0.000444266,-0.000188975,-0.000442159,-0.000911713,-0.000653519,-0.000333192,-0.00054148,-0.000457649,-0.000574692,-0.000787216,0.000261891,-0.000402177,-6.78122e-05,1.13119e-05,-0.000302692,-0.00034738,-0.000600411,-0.000309197,-0.000190187,9.85059e-06,-0.00465775,-0.000107249,0.000473502,-0.000299531,-0.00280084,0.00186621,0.000425583,-7.01624e-05,-0.000180359,0.000800325,0.0011077,0.000949576,0.000479495,0.000821579,0.000992515,-0.00278832,-0.00619886,-0.00128147,-0.00584143,-0.00032785,-0.00309511,-0.00221216,-0.0176259,-0.00322718,-0.000315482,-0.000484149,-0.000472752,-0.00244508,-0.00160122,0.000398602,0.000435136
CEBH,-0.0236525,-0.00568984,-0.000713657,-0.0184069,-0.00114417,-0.0012824,-0.00155403,0.000251329,8.99805e-05,-0.000100243,-0.00334038,-0.00260065,-0.0445822,-0.000240896,0.000136099,-1.63182e-05,-7.15564e-05,-0.00147445,-0.0247681,-0.00660567,5.84444e-05,0.00156575,-0.000570106,0.00512695,-8.9113e-05,0.000342959,-5.11667e-05,0.000378093,0.000114884,0.000444266,0.0,0.000507057,0.00970966,-0.00896196,0.000448382,0.00454574,-0.000437544,0.00963609,-0.000427934,-0.000185666,0.0038517,0.0026836,0.00147537,0.000943481,0.0016847,0.000284299,0.0047184,0.000510373,0.000207098,0.000446288,-0.00265502,0.00986332,0.000470576,0.000237218,8.39055e-05,0.000269813,7.60463e-05,-0.00016991,0.000916422,0.000650109,0.000490526,0.000714949,0.00315372,0.00152298,0.00207025,-0.0217139,-0.0469835,-0.046595,-0.0126193,-0.0014376,-0.00909821,-0.0047586,-0.0629047,-0.0515262,-0.00191155,-0.024213,-0.0185642,-0.13708,0.000439962,5.40381e-05,0.00159574
CEBS,-0.0226473,-0.00656665,-0.000960579,-0.00755298,-0.00027579,-0.00629688,-0.0033285,0.00030104,1.75847e-05,0.000185344,-0.000142735,-0.00033828,-0.0104197,-0.000410772,9.42745e-05,5.68899e-05,2.76641e-05,-4.5426e-05,-0.0210802,-0.00339644,0.000405862,0.0202545,-0.000730994,1.9263e-05,0.00448582,0.000393318,0.00142828,0.000163843,-9.63688e-05,0.000188975,-0.000507057,0.0,-4.31536e-05,-0.00502595,0.00254166,-3.43714e-05,0.028726,-0.000653691,-0.000569138,-0.000345789,0.00346553,0.00158973,0.000858339,0.00104786,0.0013457,-2.67279e-05,0.00163092,0.000186646,8.97965e-05,0.000484559,-0.00419635,0.00228573,0.00160114,0.000135377,0.000422998,0.000419833,6.85426e-05,-0.000266886,0.000673603,0.000652768,0.00123929,0.000754828,0.00254383,0.00139388,0.00187805,-0.00394123,-0.573687,-0.00399782,-0.0100357,-0.000273011,-0.00543735,-0.00345477,-0.0295617,-8.37657e-05,-0.0799049,-0.0510527,-2.24373e-05,-0.00210392,0.000989722,-2.72392e-05,0.00125394
CEPH,-0.0247726,-0.139052,-0.0480313,-0.143869,-0.00263659,-0.00947297,-0.0395804,0.000547833,0.000163788,0.000151939,-0.0134916,-0.0100553,-0.0882357,5.27831e-05,0.000448509,0.00152079,0.00106356,0.00129305,0.000649633,0.00879199,0.00977376,0.0203895,0.0035256,0.0271862,0.000263521,0.000255274,0.000187609,0.00576557,0.0107181,0.000442159,-0.00970966,4.31536e-05,0.0,-0.0206234,0.000254811,0.000841335,-0.000513413,0.000772041,-0.000508399,-1.30316e-05,0.00178685,0.00165223,0.000789961,0.00184359,0.000993282,0.000675759,0.0245014,0.00212142,0.000446868,0.000576994,0.000101883,0.001201,0.00312322,0.000191214,0.000370869,0.00085293,0.000389127,-8.46807e-05,0.000337926,0.000598666,0.00226092,0.000709072,0.00193167,0.00124415,0.00214935,-0.00605954,-0.0588649,-0.00382258,-0.00801871,-0.00386855,-0.00424573,-0.00309858,-0.0244905,-0.0125751,-0.00413906,-0.00758392,-0.215231,-0.017565,-0.000216534,0.000136178,0.00106551
CEPS,-0.0181148,-0.192526,-0.00087833,-0.254374,-0.0507577,-0.0141083,-0.00976164,0.00262124,0.000602465,0.000517783,-0.00498625,-0.0138777,-0.130976,0.00107966,0.00113712,0.00382356,0.00510803,-0.0112509,-0.000952271,0.0316996,0.00439426,0.0023041,0.0102958,0.00204844,0.0164654,0.000188744,0.0158696,0.0139816,0.00226105,0.000911713,0.00896196,0.00502595,0.0206234,0.0,0.00595185,0.00112205,0.00290996,0.000262178,-0.000342698,-0.000275874,0.00161143,0.000711192,0.000425072,0.000575054,0.000305569,-0.000178286,0.000667092,2.56604e-05,-4.39997e-05,0.000383355,-0.00343959,0.00113285,0.00155986,0.000359521,0.00331793,0.00151763,0.000356458,-7.62091e-05,0.00029846,0.000638427,0.00158755,0.00082553,0.00150386,0.0011879,0.00132513,-0.00638427,0.0090467,-0.00869212,-0.0084634,-0.00886156,-0.0051382,-0.00343075,-0.0251092,-0.00119411,0.0311779,0.0159577,-8.07446e-05,-0.00478271,-0.00115507,0.000177288,0.00109117
DNS,-0.0183245,-0.00354435,-0.000870676,-0.00290729,-0.000878957,-0.00112806,-0.000421319,3.74888e-05,4.53847e-05,-0.00492001,-0.0179234,-0.0203082,-0.0243664,-0.00031661,-0.000149098,-0.000886232,-0.027368,-0.00193792,-0.00478441,-0.00403054,-0.000450459,-0.00011664,-0.000829249,-0.000479139,-0.000332381,-3.22347e-05,-0.000294755,8.92043e-05,-0.000101615,0.000653519,-0.000448382,-0.00254166,-0.000254811,-0.00595185,0.0,7.29438e-05,-0.00383866,-0.00012649,-0.0025965,-0.00505829,0.000625609,-0.000529007,0.000270791,0.000538705,-5.39834e-05,-0.00038725,-0.000717976,-0.000154074,-0.000125433,0.001151,-0.00353597,0.00248443,0.000231426,0.000427043,0.00755564,0.000350246,0.000216452,-7.34596e-05,0.000381049,0.000675216,0.000385393,0.000739457,0.00121784,0.00119787,0.00108227,-0.00418073,-0.0687255,-0.0113526,-0.00829409,-0.00196147,-0.0052825,-0.00311117,-0.0250563,-0.000653536,-0.0109986,-0.00359875,-0.00434361,-0.00247711,-0.00210385,0.000231076,0.00114249
DNH,-0.109117,-0.00103342,-0.00032654,-0.00351252,-0.000124616,-0.00236215,-0.00411478,0.000498444,0.00010229,4.56423e-05,-0.00292907,-0.0047976,-0.0604123,-0.000165113,0.000494269,-0.094841,-0.0153098,-0.00566825,-0.00555826,-0.0027945,-0.00224441,-0.00147892,-0.00258241,-0.00522426,0.000336514,0.00071801,0.000293978,-0.00537357,0.000154818,0.000333192,-0.00454574,3.43714e-05,-0.000841335,-0.00112205,-7.29438e-05,0.0,-0.000620238,-0.000129305,-3.44422e-05,-8.71893e-06,0.00170525,0.00144014,0.000929548,0.000878052,0.000915256,0.00044996,0.00988161,0.00113248,0.000485027,0.000722541,-0.0011869,0.00319281,0.000424559,0.000278801,0.000142118,0.000283228,0.000164528,-9.47366e-05,0.000454376,0.000712236,0.000455922,0.000783415,0.00169907,0.00129983,0.0025888,-0.0820333,-0.0118957,-0.0320767,-0.126445,-0.0288673,-0.00632427,-0.0776587,-2.87239,-0.0110829,-7.20735e-05,-0.00137267,-0.0056504,-0.0224758,0.0046201,0.000356731,0.00125397
DRS,-0.0168815,-0.00136755,-6.72154e-05,-0.00196807,0.000488437,-0.000498323,0.000291759,0.000807059,5.16179e-05,0.000633456,1.71846e-06,-0.000722919,-0.0107689,-0.000229839,0.000845544,0.00054768,0.000575842,0.000123425,-0.00223858,-0.000589863,1.18647e-05,0.000680621,0.000354983,0.000729481,0.000816102,0.00110295,0.000709402,0.000422036,0.00023067,0.00054148,0.000437544,-0.028726,0.000513413,-0.00290996,0.00383866,0.000620238,0.0,8.92405e-05,-0.000288219,-0.00536519,0.00135051,0.00259532,0.00242974,0.00286832,0.00291854,0.000749507,-0.000154102,0.000607881,0.000620489,0.00107573,-0.00260537,0.00512927,0.00294622,0.000360875,0.00123914,0.000512765,0.00021677,-0.000111239,0.000291617,0.000633164,0.00202163,0.000756487,0.00249129,0.00135807,0.00167837,-0.00189704,-0.169704,-0.00552521,-0.00570274,0.000293667,-0.00313188,-0.00130404,-0.0210928,-0.000758123,-0.0111059,-0.00905903,0.000767058,-0.000482984,0.00939492,9.02369e-05,0.00115009
DRH,-0.0336689,-0.00115279,-0.11944,-0.000999566,0.000433497,0.000227677,-0.000182572,0.000676085,8.276e-05,0.000450534,-6.15432e-05,-0.0113708,-0.0068224,-0.00020614,0.000784526,0.000552042,0.000434342,0.000536605,-0.0037987,0.000110744,-0.000713138,0.000630553,-0.000299314,-0.0297773,0.000335887,0.00104507,0.000305789,0.000427637,0.000229535,0.000457649,-0.00963609,0.000653691,-0.000772041,-0.000262178,0.00012649,0.000129305,-8.92405e-05,0.0,0.000138482,0.000146842,0.00199526,0.00191928,0.00600669,0.00101473,0.000804815,0.000380993,-0.000280001,0.000511827,0.000465084,0.000921421,-0.002712,0.00124009,0.000429092,0.000333268,0.000150153,0.000292986,9.62811e-05,-0.00014217,0.000362111,0.000704044,0.000467969,0.000793162,0.00210449,0.00132863,0.00227392,-0.0911713,-0.0174765,-0.0184078,-0.144354,-0.0450849,-0.00481941,-0.821814,-0.531995,-0.0321783,-0.000158228,-0.00176516,-0.000952153,-0.00737421,0.00821067,0.000254111,0.00126023
ARF,-0.0186244,0.000173077,-0.000326841,-0.000100794,0.000719381,0.000366207,0.000617864,0.000605143,4.1525e-05,0.000599695,-0.00332362,0.000218097,-0.00499702,-0.000324777,0.000714197,0.000466657,0.000464957,0.000595245,0.000209538,0.000504969,0.000475538,0.000589436,0.000570485,0.000655667,2.50818e-06,0.00102489,2.23818e-05,0.000398515,0.000162842,0.000574692,0.000427934,0.000569138,0.000508399,0.000342698,0.0025965,3.44422e-05,0.000288219,-0.000138482,0.0,8.60004e-05,0.00214769,0.010851,0.00231074,0.00187215,0.0018056,0.000855538,-0.000461078,0.000474013,0.000469157,0.000971109,-0.00346507,0.00418191,0.0023873,0.000378773,0.00202631,0.000655858,0.000154643,-0.000173479,0.00039868,0.000626897,0.00176728,0.000734631,0.00313073,0.00161913,0.00218846,-0.0038555,-0.00583594,-0.0116676,-0.00772824,0.000620079,-0.00483306,-0.00209711,-0.024856,0.000730512,0.000723043,0.000476157,0.000862399,-0.000842306,0.00804603,4.33126e-05,0.0013575
PWL,-0.0139774,-0.000382095,-0.000508459,-0.000216209,0.000184761,-0.0029759,-0.000367722,0.000506069,0.000137008,0.00040648,-0.0157626,-0.0231581,-0.18282,-0.000338004,0.000337851,0.000209129,0.000181308,-0.00805309,-1.85698e-05,4.31003e-05,0.000285877,0.000314193,0.000292489,0.000339316,0.000359265,0.000680781,0.00030852,0.000338763,6.03635e-05,0.000787216,0.000185666,0.000345789,1.30316e-05,0.000275874,0.00505829,8.71893e-06,0.00536519,-0.000146842,-8.60004e-05,0.0,0.000944087,0.00849281,0.00606598,0.00385091,0.0072154,0.00137835,-0.00038831,0.00026328,0.0005527,0.000931715,-0.00240266,0.00217254,0.00234203,0.000500696,0.00606074,0.000835851,0.000341732,8.8231e-05,5.63633e-05,0.000613775,0.00176213,0.000724826,0.00325985,0.00163329,0.00211797,-0.00373817,-0.00488218,-0.00141972,-0.00638871,-0.00385666,-0.00326792,-0.00202323,-0.019408,-0.00161457,0.000492031,0.000119265,0.000218295,-0.00184992,0.00450874,0.000314394,0.00112403
SUP,-0.0614947,-0.00133226,-0.00286845,-0.002429,-0.000324084,-0.00156884,-0.00109806,-0.000224346,0.000118429,-0.00132494,-0.00125169,-0.00114439,-0.0121498,-0.00202742,-0.00223592,-0.00104352,-0.000958466,-0.000653989,-0.00156086,-0.0020068,-0.00214381,-0.00198112,-0.00174024,-0.00181622,-0.00182799,0.000127039,-0.00188959,9.00145e-05,-0.00547232,-0.000261891,-0.0038517,-0.00346553,-0.00178685,-0.00161143,-0.000625609,-0.00170525,-0.00135051,-0.00199526,-0.00214769,-0.000944087,0.0,-0.000566914,0.00016157,0.000176867,0.000415902,-0.000335915,-0.000904908,-0.000320798,-0.000153304,0.000275829,-0.00338403,0.000260898,0.0003112,4.48595e-05,-2.51955e-05,0.000234334,0.000117595,-6.71843e-05,0.00119075,0.0006869,0.000367368,0.000775149,0.00301562,0.00136781,0.00217208,-0.0123888,-0.0395563,-0.00641592,-0.0128266,-0.00188307,-0.00507411,-0.00870726,-0.0626191,-0.00219255,-0.00255737,-0.00522038,-0.00228642,-0.0114362,-0.000916512,0.000187975,0.00130982
MbO,-0.0246953,-0.000811475,-0.0123314,-0.00136162,0.000325544,-0.000764436,-0.000798136,0.000229338,0.000108855,0.000396432,-0.00232453,-0.00081873,-0.0155001,-0.00263329,-0.00212453,-0.00286219,-0.00618209,-0.000401399,-0.00599723,-0.000936512,5.53685e-05,-0.00034787,-0.000632212,-0.00260552,-0.00160763,0.000373437,-0.00132363,9.43697e-05,0.000140017,0.000402177,-0.0026836,-0.00158973,-0.00165223,-0.000711192,0.000529007,-0.00144014,-0.00259532,-0.00191928,-0.010851,-0.00849281,0.000566914,0.0,0.00369114,0.00348161,0.0016917,-0.00211227,-0.00466637,0.000557867,-0.00404149,0.000972417,-0.00296518,-0.00248173,0.000415006,0.000332787,0.000100302,0.000275761,7.53531e-05,-0.000169443,2.47847e-05,0.000565779,0.00046059,0.000586135,0.00406642,0.00225991,0.00312031,-0.0257402,-0.0192176,-0.0304974,-0.187504,-0.00697877,-0.14281,-0.0168019,-0.172732,-0.00195502,-0.000746806,-0.0012833,-0.00199928,-0.00804259,0.00731289,-4.63938e-05,0.00184193
