CUT3,SB,MM,TUR,XIP,THU,LPL,MPL,SPL,HAK,HAK1,HAK2,HAK3,HAK4,MUL,MUL1,MUL2,MUL3,TRA,PAG,DFS,DFH,DSM,DSP,DSR,MSC,MSG,MSP,ENG,SAR,EPI,CEBH,CEBS,CEPH,CEPS,DNS,DNH,DRS,DRH,ARF,PWL,SUP,MbO,MbFF,MbDF,MbC,MbPAR,MbSCA,MbH,MbGRA,MbSF,MbPF,BO,EUP,ZG,ZL,ZM,ZS,PB,BB,PS,DF,PL,MB,SG,MA,Bathyrajabrachyurops,Dalatiaslicha,Dipturusoxyrinchus,Etmopterusspinax,Galeusmelastomus,Myliobatisaquila,RSHC1,RSSC1,Rajaasterias,Rajamiraletus,Rajapolystigma,SSHC1,SSSC1,Scyliorhinuscanicula,Torpedomarmorata,Torpedotorpedo,DC,SPOM,BD
SB,0.0,0.0121854,0.014918,0.00932404,0.0156891,0.0154503,0.0183456,0.0349613,0.0087654,0.0160323,0.0141564,0.0140143,0.00888649,0.0106363,0.024324,0.0192341,0.0238958,0.0190855,0.0182842,0.0217567,0.349832,0.0834104,0.122571,0.492449,0.0199431,0.021787,0.0186601,1.92783,1.12784,0.154072,0.0236548,0.0226412,0.0247693,0.018105,0.0183242,0.109125,0.0168809,0.0336956,0.0186256,0.0139729,0.0614995,0.024699,0.0211865,0.0219056,0.0278371,0.0229693,0.0257381,0.0198765,0.0153408,0.0202201,0.0147425,0.0219288,0.08557,0.0417606,0.051108,0.128423,0.0409856,0.0160419,0.0192329,0.031293,0.0979117,0.0466707,0.0399579,0.0355192,0.0399395,0.0209579,0.0148037,0.0177065,0.0176319,0.0257052,0.0251977,0.0244734,0.0230013,0.0265578,0.028299,0.00950898,0.0219082,0.0201256,0.0251909,0.0223318,0.0242981,0.145583,0.0262847,0.0408555
MM,-0.0121854,0.0,-0.000488711,-0.000107519,0.000219841,4.17947e-05,0.000145706,0.00278104,0.000334853,0.000328508,0.000467068,-7.15184e-05,-0.00295159,0.000751133,0.00191232,0.00169764,0.0021924,0.0220814,0.0407688,0.0170105,0.00499479,0.00709329,0.0481163,0.00648876,0.0116248,0.000253266,0.0482331,0.00720517,0.00306936,0.00225229,0.00569106,0.0065696,0.13908,0.192563,0.003545,0.00103371,0.00136809,0.00115353,-0.000173025,0.000382138,0.00133261,0.00081178,0.000469699,0.000720738,0.000436873,9.12003e-05,0.0038571,0.000448566,0.000130227,0.000659953,-0.00152697,0.000943048,0.00167941,0.000792885,0.00714934,0.00186004,0.00070519,0.000164609,0.000342968,0.000688271,0.00175372,0.000882876,0.00140225,0.00108589,0.00126732,-0.00197425,0.00117739,-0.000809328,0.0091706,0.0098333,-0.00562302,-9.89013e-05,-0.00293807,-0.00192834,-6.31029e-05,-0.0163492,0.000245297,0.00556636,0.000381866,-0.000657014,-0.000909808,-0.000662218,0.000403334,0.00105979
TUR,-0.014918,0.000488711,0.0,0.000242321,0.00089837,0.000670818,0.000912727,0.000885028,0.000524589,0.00080419,0.000524884,0.0004688,-0.00325707,0.00030074,0.000948399,0.000745725,0.000859529,0.0013413,0.00056465,0.00125401,0.00113795,0.00175873,0.00123484,0.00283339,0.000950935,0.00118385,0.00082462,0.000938218,0.000999375,0.000822677,0.000713773,0.00096019,0.0480352,0.000877533,0.000870663,0.000326623,6.71107e-05,0.119452,0.000326865,0.00050817,0.00286874,0.0123326,0.0285924,0.0067864,0.0058722,0.0112326,0.00658833,0.038689,3.33585,0.00359415,0.0636088,0.00161603,0.000904823,0.000791767,0.000434186,0.000669295,0.000438323,0.000106811,0.000903368,0.00136374,0.000892616,0.00144755,0.00863565,0.00433297,0.00750596,-0.00157642,-0.00431204,-0.00028068,-0.00148878,0.00124334,-0.00587338,0.000860455,-0.00267443,-0.00129563,0.00105771,-0.019634,0.000934997,0.000789227,0.00115579,-0.000191588,-0.000479456,0.00560868,0.000613839,0.00422361
XIP,-0.00932404,0.000107519,-0.000242321,0.0,0.000306652,0.000168307,0.0721949,0.0139282,0.00147,0.001113,0.00156178,7.15188e-05,-0.00218008,0.000698936,0.000862556,0.00208379,0.010094,0.00812718,0.000319883,0.0194809,0.00410995,0.00527984,0.0083967,0.00836583,0.0129407,0.000386033,0.00696625,0.0589612,0.0282937,0.000793874,0.0184087,0.00755583,0.143883,0.254399,0.00290747,0.00351289,0.00196851,0.00100019,0.000100814,0.000216118,0.0024293,0.00136184,0.000787158,0.000886132,0.000844108,0.000340373,0.0044812,0.000633023,0.000278375,0.000592642,-0.000851683,0.00151036,0.00275906,0.000507028,0.00277962,0.00350083,0.000989138,0.000279534,0.000673672,0.000853956,0.00296588,0.00125279,0.00182302,0.00133226,0.00164423,-0.00132573,0.00391137,-0.000463046,0.013263,0.0131167,-0.00408028,0.000140266,-0.0020452,-0.00124119,0.000201413,-0.0124261,0.000491695,0.00753689,0.000660575,-0.000177338,-0.000327446,0.000452711,0.000578908,0.00141984
THU,-0.0156891,-0.000219841,-0.00089837,-0.000306652,0.0,-0.000224931,0.0258799,0.0141597,2.92484e-05,-8.27112e-06,-1.55412e-05,-0.000349682,-0.00396058,0.000403535,0.00220977,0.000558469,0.00086294,0.013002,-0.000340043,0.00951607,0.00183693,0.00127228,0.0728304,0.00738717,0.00580923,3.86408e-05,0.033497,0.00433848,0.00383551,0.000118703,0.00114424,0.000276214,0.00263669,0.0507601,0.000878981,0.000124621,-0.000488446,-0.000433395,-0.00071945,-0.000184811,0.000324118,-0.00032556,5.68052e-05,5.80681e-05,-0.00040719,-0.000480105,-0.000653523,-0.000186815,-0.00023499,0.000167825,-0.00295404,4.4255e-05,0.000808195,7.81851e-05,0.000528532,0.000633646,6.47131e-05,-0.000187611,-7.43417e-05,0.000213737,0.00079215,0.000296709,0.000461324,0.000372162,0.000418173,-0.00292001,-0.00405438,-0.00136148,0.000274061,0.00231601,-0.0076944,-0.00056887,-0.00419783,-0.00296194,-0.000591797,-0.0212216,-0.000283261,0.00109501,-0.000231866,-0.00148517,-0.00189396,-0.00270286,-0.000113958,0.000169255
LPL,-0.0154503,-4.17947e-05,-0.000670818,-0.000168307,0.000224931,0.0,0.0473576,0.0265235,0.000188134,0.000219718,0.000182977,-0.000144314,-0.00377289,0.000131909,0.00049643,0.000777054,0.0010412,0.129433,-0.000271086,0.00954553,0.00210431,0.00145384,0.00960592,0.000608824,0.0103915,0.0650411,0.104504,0.00927552,0.0249115,0.0007977,0.00128247,0.00629712,0.00947328,0.0141085,0.00112808,0.00236226,0.000498288,-0.000227215,-0.000366263,0.00297591,0.00156893,0.000764489,0.00051294,0.000453831,0.000138404,7.34257e-05,1.89185e-05,8.87087e-05,7.20256e-06,0.00202531,-0.00264193,0.000369375,0.00186879,0.00965831,0.00435783,0.00197004,0.000839824,0.00012316,0.000316021,0.000707322,0.00192902,0.000906713,0.00136838,0.00104184,0.00118343,-0.00257509,-0.00475404,-0.0010869,-0.00153632,0.000835259,-0.00721602,-0.000209341,-0.00380416,-0.00253609,-0.000177072,-0.0207622,-2.27791e-06,0.000318815,8.34249e-05,-0.00118579,-0.00156895,-0.000937056,0.000347257,0.000949665
MPL,-0.0183456,-0.000145706,-0.000912727,-0.0721949,-0.0258799,-0.0473576,0.0,0.212484,5.52563e-05,5.40214e-05,-0.00010303,-0.000280767,-0.0045499,-0.000216216,-1.97787e-05,0.000110797,0.000120101,0.0327616,-0.000436788,0.00414232,0.00108624,0.0228522,0.0012692,0.00278995,0.00984308,0.000122866,0.000256789,0.00686529,0.00458466,0.000217588,0.00155413,0.00332861,0.039582,0.0097617,0.000421323,0.00411497,-0.000291792,0.00018299,-0.000617897,0.00036766,0.00109814,0.000798213,0.00287397,0.000396761,-9.38971e-05,-0.000340079,0.000595063,2.52907e-05,-0.000101722,0.000619733,-0.00315818,0.00127036,0.00581145,0.00115853,0.00100281,0.00287339,0.000590904,-1.61968e-05,0.000206531,0.000633762,0.00455822,0.00100815,0.00130967,0.000944462,0.00107753,-0.00322092,-0.0136009,-0.00142864,-0.0046186,-0.000103964,-0.00876455,-0.000442893,-0.00469622,-0.00321822,-0.000430683,-0.024727,-0.0153784,-0.000774209,-0.00634539,-0.022901,-0.0293458,-0.00223331,0.00021833,0.000774602
SPL,-0.0349613,-0.00278104,-0.000885028,-0.0139282,-0.0141597,-0.0265235,-0.212484,0.0,-4.03179e-05,-8.08625e-05,-0.000285981,-0.000387502,-0.00492874,-0.000335957,-0.000230643,-0.000304318,-0.000389458,-0.000291656,-0.000559472,2.88318e-05,-0.000124388,-0.000158305,-0.0956708,-0.000264946,0.0105184,-2.42803e-05,-0.000137822,-1.08697e-07,-0.000163217,2.29487e-05,-0.000251178,-0.000300928,-0.000547766,-0.00262275,-3.74091e-05,-0.000498221,-0.000806788,-0.000675599,-0.000604864,-0.000505911,0.000224471,-0.000229043,0.00092747,7.31787e-05,-0.000441204,-0.000500898,-0.000677536,-0.000182757,-0.000206544,1.72359e-05,-0.00293003,-0.000111487,0.000320786,0.000988516,6.05026e-05,0.00847522,0.000392697,-8.01273e-06,-6.74114e-05,0.000467347,0.00330065,0.00151253,0.000471114,0.000511474,0.000488949,-0.00291184,-0.0171887,-0.00486664,-0.00607256,-0.0010351,-0.00765829,-0.00614366,-0.00455256,-0.00291746,-0.000633455,-0.0212582,-0.0307876,-0.00163899,-0.0013798,-0.00528759,-0.00678573,-0.00297454,0.000223875,0.00023865
HAK,-0.0087654,-0.000334853,-0.000524589,-0.00147,-2.92484e-05,-0.000188134,-5.52563e-05,4.03179e-05,0.0,-4.29977e-05,-0.0153493,-0.00036374,-0.32591,-0.000311229,-0.000125292,-8.23642e-05,-0.000219365,-1.04491e-05,-0.000229584,-0.0129807,-7.96598e-05,-8.82147e-05,-0.0010676,-6.48074e-05,-0.000134236,2.59496e-05,-0.000127694,9.29956e-05,-5.90512e-05,7.36443e-05,-8.99751e-05,-1.76761e-05,-0.000163854,-0.000603082,-4.54015e-05,-0.000102283,-5.16392e-05,-8.2472e-05,-4.15295e-05,-0.000137075,-0.000118423,-0.000108835,-2.39925e-05,-2.04393e-05,-0.000129075,-0.000127553,-0.000146419,-0.000344342,-0.000136047,5.88817e-05,-0.0035219,-0.000124891,0.0295873,2.73281e-05,3.7715e-05,0.00703694,0.0025236,0.000579464,-0.000294178,0.00113546,0.0200365,0.00207825,0.000245435,0.000645432,0.000496927,-0.00159404,-0.00531305,-0.001621,-0.00192388,-8.34136e-05,-0.00266098,-0.000450871,-0.00150116,-0.000841556,1.89313e-05,-0.00872868,-0.000122438,-0.00151567,-0.000268598,-0.00131323,-0.00354528,-7.76954e-05,0.000770363,6.72443e-05
HAK1,-0.0160323,-0.000328508,-0.00080419,-0.001113,8.27112e-06,-0.000219718,-5.40214e-05,8.08625e-05,4.29977e-05,0.0,-0.00991792,-0.000433049,-0.21209,-0.000260979,-0.000123988,-0.000256071,-0.000336283,-0.000146006,-0.000462325,-0.0106746,0.0130199,0.000320615,-0.00104593,-0.000154057,0.00346387,0.000101402,-7.96153e-05,8.59688e-05,-8.31604e-05,0.00233364,0.000101363,-0.000184111,-0.000151085,-0.000517923,0.00492079,-4.39132e-05,-0.000631067,-0.000447854,-0.000597324,-0.000404936,0.00132584,-0.000394173,0.000134086,0.000244915,-0.000193693,-0.000279392,-0.000609369,-7.28626e-05,-0.000110064,0.000217772,-0.00289732,0.00031523,0.0301914,0.000555449,0.000611979,0.00148722,0.00109612,0.000152964,0.000243593,0.000872596,0.0183444,0.00126798,0.000988875,0.000945678,0.00100985,-0.00290869,-0.0203052,-0.00371251,-0.00681128,-0.00106745,-0.0076579,-0.0664487,-0.00437765,-0.00281787,-0.000385447,-0.0216,-0.0165863,-0.00279838,-0.0142509,-0.048876,-0.527223,-0.002483,0.000346118,0.000840203
HAK2,-0.0141564,-0.000467068,-0.000524884,-0.00156178,1.55412e-05,-0.000182977,0.00010303,0.000285981,0.0153493,0.00991792,0.0,-0.000325774,-0.141236,2.20376e-05,0.000258506,0.000504133,0.00064522,0.14642,-0.000154085,-0.0226072,0.00247186,0.0204103,-0.00187033,0.000746757,0.00767064,0.000366064,0.000241619,0.00613507,0.00209548,0.000663452,0.00334225,0.000144611,0.0134937,0.0049862,0.0179254,0.00293183,1.8811e-06,6.56627e-05,0.0033274,0.0157659,0.00125304,0.00232807,0.000734347,0.000808115,0.000542495,7.24401e-05,0.00025059,0.000207599,0.000121258,0.00260333,-0.00229625,0.00202325,0.00518743,0.000430405,0.00411078,0.00125032,0.000896819,0.000163011,0.000421628,0.000791341,0.00361184,0.000927797,0.00157829,0.00126105,0.00136164,-0.00245036,-0.0278062,-0.0416935,-0.00823885,-0.000966951,-0.00642792,-0.0971925,-0.00802471,-0.002148,1.66236e-05,-0.0189323,-0.0239343,-0.00481125,-0.0206584,-0.0705105,-0.771188,0.000145149,0.000419913,0.00122288
HAK3,-0.0140143,7.15184e-05,-0.0004688,-7.15188e-05,0.000349682,0.000144314,0.000280767,0.000387502,0.00036374,0.000433049,0.000325774,0.0,-0.134203,9.83034e-05,0.000366507,0.000787357,0.00102415,0.254639,-0.000102945,0.00790086,0.00834863,0.000850273,0.000584393,0.000667176,0.00357953,0.000427477,0.000593818,0.0105355,0.00523664,0.000824856,0.00260214,0.000339776,0.010057,0.0138784,0.0203104,0.00479996,0.00072577,0.011375,-0.000215331,0.0231615,0.00114547,0.000821455,0.000801235,0.000759144,0.000469997,7.29464e-05,0.000225554,0.00023903,0.000148819,0.00412678,-0.00227614,0.00124372,0.00252148,0.000526205,0.00582366,0.0014599,0.00120882,0.000264459,0.000350421,0.000860459,0.00214278,0.000967927,0.00141955,0.00117062,0.00125556,-0.00213961,-0.0347987,-0.0435089,-0.0102511,-0.00116453,-0.00630941,-0.0844956,-0.00818054,-0.00205174,0.000104336,-0.0187435,-0.0371722,-0.002688,-0.0315587,-0.109048,-1.19855,0.000727827,0.000539734,0.00107184
HAK4,-0.00888649,0.00295159,0.00325707,0.00218008,0.00396058,0.00377289,0.0045499,0.00492874,0.32591,0.21209,0.141236,0.134203,0.0,0.0226279,0.0170959,0.066389,0.0886946,2.95133,0.00438728,0.64535,0.0749211,0.026889,0.0120301,0.00957631,0.0432219,0.00546201,0.00790634,0.121589,0.0391271,0.00847928,0.0445861,0.0104197,0.0882417,0.130984,0.0243679,0.0604175,0.0107694,0.00682918,0.00499741,0.182834,0.012151,0.0155019,0.00729914,0.00738704,0.00923324,0.00596929,0.0114673,0.00496992,0.00397099,0.0452242,0.00280651,0.00881932,0.0463733,0.00577024,0.0452036,0.0168513,0.0148774,0.0051951,0.00430443,0.00791443,0.0339886,0.00912459,0.0117326,0.00954479,0.0104094,0.00363672,0.00407177,-0.782641,0.0101706,0.0127032,0.00200275,0.00585589,-0.087715,0.00502663,0.00680864,-0.00961967,0.00547123,0.0085331,0.00636139,0.00491351,0.00520208,0.0339891,0.00727125,0.0102398
MUL,-0.0106363,-0.000751133,-0.00030074,-0.000698936,-0.000403535,-0.000131909,0.000216216,0.000335957,0.000311229,0.000260979,-2.20376e-05,-9.83034e-05,-0.0226279,0.0,0.000273111,0.000264881,0.000204128,0.00032548,8.42281e-05,-0.0294364,0.000200941,0.000235075,-0.0184712,0.000294763,0.000166137,0.000456209,0.000139438,0.000351964,0.00017388,0.000391104,0.000240919,0.000410534,-5.29531e-05,-0.00108131,0.000316579,0.00016512,0.000229757,0.000206907,0.000324755,0.000337825,0.00202756,0.00263348,0.00103761,0.00141608,0.0134232,0.00215322,0.000216456,0.000403872,0.00094396,0.000933618,-0.00337748,0.0186956,0.00045193399999999997,0.000410071,0.000173667,0.00176722,0.000735058,0.000112113,0.00190744,0.00106354,0.00104692,0.00121072,0.00323117,0.00254074,0.00239537,-0.059756,-0.0323153,-0.00297446,-0.00951196,-0.00144678,-0.0959266,-0.0170572,-0.00148501,-0.279566,-0.0104328,-0.318949,-0.014174,-0.00549862,-0.0602392,-0.0299662,-0.478889,0.00242461,0.000427409,0.00290289
MUL1,-0.024324,-0.00191232,-0.000948399,-0.000862556,-0.00220977,-0.00049643,1.97787e-05,0.000230643,0.000125292,0.000123988,-0.000258506,-0.000366507,-0.0170959,-0.000273111,0.0,-0.000226923,-0.000311572,-5.76667e-05,-0.000465666,-0.0172986,-4.45239e-05,3.86102e-05,-0.0754286,-5.99328e-05,4.10426e-05,0.000310934,2.22962e-05,0.000184353,-4.22826e-05,0.000281907,-0.000135931,-9.42835e-05,-0.000448523,-0.00113945,0.000149171,-0.000494028,-0.000845311,-0.000783589,-0.000713921,-0.000337781,0.0022362,0.00212503,0.00921362,0.00307567,0.0103685,0.0138515,0.00908425,0.0014208,0.000819835,0.000770153,-0.00176272,0.00361852,0.000319808,0.000272039,0.000963152,0.000279851,0.00010327,-0.000171429,0.000491709,0.00073746,0.000420533,0.000780127,0.00332806,0.00199105,0.00228013,-0.346244,-0.0677173,-0.00756316,-0.0209559,-0.00414797,-0.558489,-0.101159,-0.00588381,-1.64031,-0.0648422,-1.84586,-0.0745828,-0.00807854,-0.0637833,-0.216958,-1.95435,-0.0015284,9.43931e-05,0.00204292
MUL2,-0.0192341,-0.00169764,-0.000745725,-0.00208379,-0.000558469,-0.000777054,-0.000110797,0.000304318,8.23642e-05,0.000256071,-0.000504133,-0.000787357,-0.066389,-0.000264881,0.000226923,0.0,-2.85027e-05,4.97922e-05,-0.000239744,-0.0902762,9.33513e-05,0.00101192,-0.00860046,7.38077e-05,-9.01121e-05,0.000512818,-7.5483e-05,0.000236124,2.84285e-05,0.000271993,1.64802e-05,-5.69931e-05,-0.00152091,-0.00382641,0.00088633,0.0948483,-0.000547521,-0.000550975,-0.00046644,-0.000209145,0.00104373,0.00286273,0.00301942,0.00808328,0.00926069,0.00132389,0.00449865,0.00085291,0.00073695,0.000836136,-0.0024414,0.00188564,0.000363196,0.000233252,0.000129897,0.000245273,9.76534e-05,-0.000164584,0.000309789,0.00064313,0.000420076,0.00068633,0.00379921,0.00201036,0.00325273,-0.0499209,-0.029822,-0.00669845,-0.00855573,-0.000884177,-0.0825945,-0.0145813,-0.00500947,-0.0343476,-0.00872242,-0.272027,-0.0177446,-0.0107757,-0.0171084,-0.0550906,-0.071234,0.0014087,0.000148441,0.00151198
MUL3,-0.0238958,-0.0021924,-0.000859529,-0.010094,-0.00086294,-0.0010412,-0.000120101,0.000389458,0.000219365,0.000336283,-0.00064522,-0.00102415,-0.0886946,-0.000204128,0.000311572,2.85027e-05,0.0,8.40111e-05,-0.000270586,-0.121413,0.000180892,0.00799769,-0.01446,0.000123938,-0.00012579,0.000665218,-0.000104165,0.000360692,0.000102608,0.000644729,7.19522e-05,-2.75659e-05,-0.00106352,-0.00511167,0.0273702,0.0153115,-0.000575216,-0.000432562,-0.000464263,-0.000181047,0.00095884,0.00618334,0.0230076,0.0116496,0.0272305,0.0158544,0.011114,0.0022911,0.00203427,0.00203588,-0.00159716,0.00272748,0.000716767,0.000533644,0.00310557,0.000476385,0.000262302,-0.000100477,0.000488813,0.00103966,0.000746654,0.00110845,0.00658921,0.00316393,0.00405324,-0.15904,-0.0261322,-0.00961246,-0.00725138,-0.000238266,-0.257795,-0.0462521,-0.00629972,-0.108691,-0.0291931,-0.85527,-0.00685039,-0.0130885,-0.00129684,-0.0015822,-0.00252966,0.000977743,0.000378703,0.00259353
TRA,-0.0190855,-0.0220814,-0.0013413,-0.00812718,-0.013002,-0.129433,-0.0327616,0.000291656,1.04491e-05,0.000146006,-0.14642,-0.254639,-2.95133,-0.00032548,5.76667e-05,-4.97922e-05,-8.40111e-05,0.0,-0.00038909,-0.00491333,0.00403036,0.000409058,-0.00077258,0.000281193,0.00429716,0.00030217,0.000427759,0.0135984,0.00404779,0.000645809,0.00147495,4.58544e-05,-0.00129282,0.0112499,0.00193822,0.00566916,-0.000122586,-0.000535166,-0.000594418,0.00805392,0.000654353,0.000402283,0.00039488,0.000454949,-6.70578e-05,-0.000278939,-0.000219585,5.60957e-05,-2.41959e-05,0.0048151,-0.00330754,0.000302014,0.00242422,0.000359638,0.00463063,0.00160536,0.00136083,0.000202411,3.35316e-05,0.000771011,0.00217207,0.00086382,0.00105321,0.000881228,0.000949718,-0.0600651,-0.0125149,-0.0132857,-0.00396163,0.000395969,-0.0121804,-0.0225822,-0.00603997,-0.0142014,-0.000590959,-0.0361025,-0.00951539,-0.000995136,-0.00604505,-0.0143589,-0.0805209,-0.000496058,0.000395571,0.000580359
PAG,-0.0182842,-0.0407688,-0.00056465,-0.000319883,0.000340043,0.000271086,0.000436788,0.000559472,0.000229584,0.000462325,0.000154085,0.000102945,-0.00438728,-8.42281e-05,0.000465666,0.000239744,0.000270586,0.00038909,0.0,0.00065122,0.00753272,0.00482371,-0.00724037,0.000959834,0.000926882,0.00074028,0.000582648,0.000397374,0.000184319,0.000508597,0.0247704,0.0210819,-0.000649703,0.000951709,0.00478484,0.00555898,0.00223898,0.0038004,-0.000209278,1.85334e-05,0.00156113,0.0059981,0.0031192,0.0147198,0.0220731,0.00460855,0.0611402,0.00586077,0.00259189,0.00179657,0.00564904,0.00241512,0.000957774,0.000444148,0.000666226,0.000464087,0.000215637,-7.66617e-05,0.000579549,0.000839827,0.000850294,0.000886422,0.00630743,0.00318172,0.00441883,-0.0687313,-0.00594518,-0.00164203,-0.00240241,0.000694295,-0.113784,-0.0188926,-0.00401985,-0.0474687,-0.0121709,-0.376945,-7.11765e-05,0.000297617,0.000156634,-0.000965047,-0.00141194,0.00280615,0.000266863,0.00246633
DFS,-0.0217567,-0.0170105,-0.00125401,-0.0194809,-0.00951607,-0.00954553,-0.00414232,-2.88318e-05,0.0129807,0.0106746,0.0226072,-0.00790086,-0.64535,0.0294364,0.0172986,0.0902762,0.121413,0.00491333,-0.00065122,0.0,0.0117239,0.00762018,-0.0701019,-0.000647275,-0.00213177,0.000203553,-0.00267005,0.000595424,6.19793e-05,0.000307794,0.0066062,0.00339681,-0.00879224,-0.0317239,0.00403082,0.00279499,0.000590347,-0.000109802,-0.000504521,-4.28735e-05,0.00200708,0.000937045,0.000600242,0.000722854,0.000629785,5.14533e-05,-0.000131554,4.87733e-05,-4.33674e-06,0.000929024,-0.00295516,0.00110713,0.00557924,0.000223399,0.00198635,0.000956555,0.000309219,-7.35906e-05,0.00041816,0.000611567,0.00372204,0.000776576,0.0016526,0.00117785,0.00138951,-0.0113206,-0.129411,-0.054891,-0.0270101,-0.00403273,-0.00960743,-0.0126757,-0.0103388,-0.00358954,-0.000548442,-0.028298,-0.00137644,-0.0997811,-0.0133487,-0.0020727,-0.00553968,-0.00132748,0.000136833,0.00117191
DFH,-0.349832,-0.00499479,-0.00113795,-0.00410995,-0.00183693,-0.00210431,-0.00108624,0.000124388,7.96598e-05,-0.0130199,-0.00247186,-0.00834863,-0.0749211,-0.000200941,4.45239e-05,-9.33513e-05,-0.000180892,-0.00403036,-0.00753272,-0.0117239,0.0,0.00209024,-0.0453934,-0.00777793,-0.000232167,0.000155394,-0.000232182,0.000155468,-7.74941e-06,-0.00121152,-5.84175e-05,-0.000406002,-0.00977423,-0.00439736,0.000450466,0.00224454,-1.18505e-05,0.00071374,-0.000475505,-0.000285956,0.00214392,-5.52704e-05,0.000399405,0.000684018,0.000208209,0.000677434,0.000709316,0.000165794,4.20614e-05,0.000305098,-0.00253825,0.000840834,0.0041454,-9.20474e-05,-2.04739e-05,0.000833874,0.000245925,-7.28514e-05,0.000443432,0.000649211,0.00282957,0.000788318,0.00149714,0.00112728,0.00132592,-0.00601876,-0.0229421,-0.00781963,-0.00884889,-0.00114102,-0.00777331,-0.0041211,-0.00441709,-0.0028864,-0.000279135,-0.0249359,-0.0052295,-0.00312363,-0.0407383,-0.00736492,-0.109711,-0.000769466,0.000383132,0.00105956
DSM,-0.0834104,-0.00709329,-0.00175873,-0.00527984,-0.00127228,-0.00145384,-0.0228522,0.000158305,8.82147e-05,-0.000320615,-0.0204103,-0.000850273,-0.026889,-0.000235075,-3.86102e-05,-0.00101192,-0.00799769,-0.000409058,-0.00482371,-0.00762018,-0.00209024,0.0,-0.0107209,-0.00530577,7.61697e-06,0.000204924,-5.29248e-06,0.000144083,-3.73225e-05,0.000128208,-0.00156565,-0.0202554,-0.0203903,-0.00230617,0.000116706,0.00147919,-0.000680376,-0.000629794,-0.000589164,-0.000314098,0.0019813,0.000348201,0.000256351,0.00032366,3.4542e-06,-0.000285676,-0.000787472,-2.10931e-05,-4.4505e-05,0.000252133,-0.00306289,0.0073949,0.00482988,0.000162403,5.98891e-05,0.000389782,0.000244782,-9.02929e-05,0.00078221,0.000684319,0.00308127,0.000767524,0.00180791,0.00126107,0.00136321,-0.286948,-0.125928,-0.00315941,-0.0853337,-0.008251,-0.0926063,-0.0177141,-0.00436345,-0.0388104,-0.0116691,-0.691419,-0.0328255,-0.0241179,-0.0299388,-0.559636,-0.109303,-0.00177476,0.000357653,0.00126685
DSP,-0.122571,-0.0481163,-0.00123484,-0.0083967,-0.0728304,-0.00960592,-0.0012692,0.0956708,0.0010676,0.00104593,0.00187033,-0.000584393,-0.0120301,0.0184712,0.0754286,0.00860046,0.01446,0.00077258,0.00724037,0.0701019,0.0453934,0.0107209,0.0,0.0102438,0.00481203,0.000353522,0.0354956,0.00231955,0.00274697,0.0013186,0.000570202,0.000730868,-0.00352577,-0.0103038,0.000829271,0.00258261,-0.000355052,0.000300025,-0.000570528,-0.000292645,0.00174038,0.000632316,0.000740594,0.000738485,0.000351234,0.000433384,0.000309854,0.000195211,3.94534e-05,0.000443951,-0.00332085,0.00104901,0.00315169,0.00049042,0.000362287,0.0017737,0.000252368,-0.000128237,0.000320805,0.000638597,0.00260532,0.000880665,0.0015381,0.00117523,0.00136768,-0.00378405,-0.0171079,-0.0835188,-0.00585193,-0.000377126,-0.00968888,-0.000752411,-0.0142169,-0.00341936,-0.00256547,-0.0282977,-0.0248535,-0.00171891,-0.00190955,-0.00240651,-0.00440346,-0.000137993,0.000218538,0.00105333
DSR,-0.492449,-0.00648876,-0.00283339,-0.00836583,-0.00738717,-0.000608824,-0.00278995,0.000264946,6.48074e-05,0.000154057,-0.000746757,-0.000667176,-0.00957631,-0.000294763,5.99328e-05,-7.38077e-05,-0.000123938,-0.000281193,-0.000959834,0.000647275,0.00777793,0.00530577,-0.0102438,0.0,0.000232465,0.000332976,0.000105432,0.00060097,9.9126e-05,0.000733163,-0.00512682,-1.90888e-05,-0.0271871,-0.00204932,0.000479311,0.00522498,-0.000728895,0.0297799,-0.000655047,-0.000339021,0.00181656,0.00260631,0.00313738,0.00197404,0.00255669,0.00386676,0.00289441,0.00438938,0.000331281,0.0004854,-0.00285097,0.000950959,0.00244062,0.000276101,7.5828e-05,0.00104231,0.000164842,-0.000159047,0.000332913,0.000643635,0.00192695,0.000798395,0.00223066,0.00146815,0.00207466,-0.0748589,-0.0696603,-0.00296047,-0.0215623,-0.00433228,-0.0266868,-0.00379038,-0.00502036,-0.0106601,-0.00227335,-0.0851959,-0.157884,-0.00714912,-0.0128787,-0.0189098,-0.0293828,-0.000504785,0.000144644,0.00134679
MSC,-0.0199431,-0.0116248,-0.000950935,-0.0129407,-0.00580923,-0.0103915,-0.00984308,-0.0105184,0.000134236,-0.00346387,-0.00767064,-0.00357953,-0.0432219,-0.000166137,-4.10426e-05,9.01121e-05,0.00012579,-0.00429716,-0.000926882,0.00213177,0.000232167,-7.61697e-06,-0.00481203,-0.000232465,0.0,0.000164188,-0.0421491,0.000118048,-9.50369e-05,0.000157418,8.92002e-05,-0.00448608,-0.000263565,-0.0164756,0.000332409,-0.000336402,-0.000816031,-0.000335296,-2.39088e-06,-0.00035928,0.00182811,0.00160783,0.00040796,0.000544055,4.11279e-05,-0.00029158,0.000477262,4.23999e-05,-7.05828e-05,0.000240182,-0.0033478,0.00016545,0.00148711,0.000169734,0.000451817,0.00188341,0.000288494,-0.000109496,0.00042616,0.000642457,0.00166995,0.000874911,0.00155855,0.00149465,0.00156651,-0.101958,-0.114298,-0.00343534,-0.0817957,-0.0170897,-0.0294191,-0.00729587,-0.00513832,-0.0120514,-0.00278805,-0.0930595,-0.000803262,-0.00556876,-0.00359796,-0.00212564,-0.00461459,-0.00238227,3.18372e-05,0.00164508
MSG,-0.021787,-0.000253266,-0.00118385,-0.000386033,-3.86408e-05,-0.0650411,-0.000122866,2.42803e-05,-2.59496e-05,-0.000101402,-0.000366064,-0.000427477,-0.00546201,-0.000456209,-0.000310934,-0.000512818,-0.000665218,-0.00030217,-0.00074028,-0.000203553,-0.000155394,-0.000204924,-0.000353522,-0.000332976,-0.000164188,0.0,-0.000163106,3.50814e-05,-0.000191083,0.00247083,-0.000342973,-0.000393449,-0.000255359,-0.000189166,3.22114e-05,-0.00071805,-0.00110307,-0.00104485,-0.001025,-0.000680904,-0.00012704,-0.000373482,0.000446652,8.93358e-05,-0.000662929,-0.000689246,-0.00137745,-0.000258742,-0.000271167,5.88426e-05,-0.00410796,-0.000142028,0.000141587,0.0660993,0.00992077,0.00246238,0.000823896,8.22123e-05,-0.000219213,0.000746405,0.00112785,0.000983303,0.000716698,0.00089431,0.000742706,-0.00396546,-0.00747324,-0.00181506,-0.00357546,-0.000225765,-0.0105774,-0.000685494,-0.00573121,-0.00399978,-0.000701,-0.0294292,-0.000373096,-0.000445475,-0.000311153,-0.00205204,-0.00262851,-0.00427108,0.000445746,0.000565105
MSP,-0.0186601,-0.0482331,-0.00082462,-0.00696625,-0.033497,-0.104504,-0.000256789,0.000137822,0.000127694,7.96153e-05,-0.000241619,-0.000593818,-0.00790634,-0.000139438,-2.22962e-05,7.5483e-05,0.000104165,-0.000427759,-0.000582648,0.00267005,0.000232182,5.29248e-06,-0.0354956,-0.000105432,0.0421491,0.000163106,0.0,0.000117638,-7.0447e-05,0.000155859,5.11757e-05,-0.00142848,-0.000187708,-0.0158794,0.000294739,-0.000293983,-0.00070949,-0.000305392,-2.24257e-05,-0.000308637,0.00188965,0.00132368,0.00036308,0.00048419,7.4202e-05,-0.000246795,0.000356874,4.78903e-05,-4.91018e-05,0.000229768,-0.00294629,0.000171496,0.00305188,0.000165297,0.000392251,0.00224586,0.000340716,-6.30143e-05,0.000443279,0.000628248,0.00270269,0.000921372,0.00147947,0.00135591,0.00145253,-0.00305344,-0.0112645,-0.00276572,-0.00769141,-0.000401378,-0.00811788,-0.000776516,-0.00448651,-0.00295233,-0.000373699,-0.0230755,-0.000549782,-0.000599499,-0.00011568,-0.00156318,-0.00228012,-0.00205614,8.34024e-05,0.00148855
ENG,-1.92783,-0.00720517,-0.000938218,-0.0589612,-0.00433848,-0.00927552,-0.00686529,1.08697e-07,-9.29956e-05,-8.59688e-05,-0.00613507,-0.0105355,-0.121589,-0.000351964,-0.000184353,-0.000236124,-0.000360692,-0.0135984,-0.000397374,-0.000595424,-0.000155468,-0.000144083,-0.00231955,-0.00060097,-0.000118048,-3.50814e-05,-0.000117638,0.0,-0.00012561,0.000122236,-0.000378081,-0.000163897,-0.00576583,-0.01399,-8.92071e-05,0.00537366,-0.000422036,-0.000427394,-0.000398504,-0.000338798,-8.9995e-05,-9.43297e-05,4.83366e-05,1.38819e-05,-0.000271791,-0.000303442,-0.000241894,-0.000231853,-0.000163457,-6.54446e-06,-0.00352654,-6.05741e-05,0.00277292,3.47843e-05,0.00179535,0.00549228,0.00132512,0.000183437,-0.000212037,0.000649287,0.00374649,0.00124486,0.000294464,0.000412027,0.000389845,-0.00445284,-0.00502313,-0.00162501,-0.00220795,-0.000166216,-0.00502227,-0.00173448,-0.00268291,-0.00226314,-0.00027551,-0.014927,-0.000766813,-0.000371195,-0.0015855,-0.00204204,-0.00524822,-0.00132185,0.000392821,-5.45232e-05
SAR,-1.12784,-0.00306936,-0.000999375,-0.0282937,-0.00383551,-0.0249115,-0.00458466,0.000163217,5.90512e-05,8.31604e-05,-0.00209548,-0.00523664,-0.0391271,-0.00017388,4.22826e-05,-2.84285e-05,-0.000102608,-0.00404779,-0.000184319,-6.19793e-05,7.74941e-06,3.73225e-05,-0.00274697,-9.9126e-05,9.50369e-05,0.000191083,7.0447e-05,0.00012561,0.0,0.000289348,-0.000114786,9.63334e-05,-0.0107185,-0.00226272,0.000101644,-0.000154672,-0.000230523,-0.000228892,-0.000162667,-6.03404e-05,0.00547254,-0.000139809,0.000151242,0.000266421,0.000647147,-2.26165e-05,-0.000355941,-3.74688e-05,4.23996e-05,0.000235983,-0.00327281,0.000355441,0.000279045,0.000229914,0.00207734,0.000896682,0.000151445,-0.000127856,0.00117597,0.000682484,0.000598879,0.000843303,0.00263608,0.0012394,0.001902,-0.00376685,-0.0060753,-0.00109381,-0.00234326,2.88274e-06,-0.00640333,-0.00538014,-0.00225316,-0.0282292,-0.000181568,-0.0201608,-0.00333554,-0.000261586,-0.0025686,-0.00227691,-0.0221302,0.000325871,0.000141676,0.00133727
EPI,-0.154072,-0.00225229,-0.000822677,-0.000793874,-0.000118703,-0.0007977,-0.000217588,-2.29487e-05,-7.36443e-05,-0.00233364,-0.000663452,-0.000824856,-0.00847928,-0.000391104,-0.000281907,-0.000271993,-0.000644729,-0.000645809,-0.000508597,-0.000307794,0.00121152,-0.000128208,-0.0013186,-0.000733163,-0.000157418,-0.00247083,-0.000155859,-0.000122236,-0.000289348,0.0,-0.00044429,-0.000189097,-0.000442252,-0.000912554,-0.00065356,-0.00033322,-0.000541572,-0.000457402,-0.000574771,-0.000787347,0.000261893,-0.000402206,-6.78136e-05,1.13115e-05,-0.00030273,-0.000347436,-0.000600508,-0.00030921,-0.000190207,9.84597e-06,-0.00465802,-0.000107261,0.00047351,-0.000299539,-0.00280089,0.00186624,0.000425587,-7.01709e-05,-0.000180368,0.000800337,0.00110771,0.00094959,0.000479506,0.000821593,0.000992533,-0.00278867,-0.00767138,-0.00128388,-0.00323963,-0.000333632,-0.00584251,-0.000396957,-0.00309599,-0.00221261,-0.000276061,-0.0176287,-0.00304593,-0.000489213,-0.000472804,-0.00244529,-0.0367765,-0.0016018,0.000398601,0.000435137
CEBH,-0.0236548,-0.00569106,-0.000713773,-0.0184087,-0.00114424,-0.00128247,-0.00155413,0.000251178,8.99751e-05,-0.000101363,-0.00334225,-0.00260214,-0.0445861,-0.000240919,0.000135931,-1.64802e-05,-7.19522e-05,-0.00147495,-0.0247704,-0.0066062,5.84175e-05,0.00156565,-0.000570202,0.00512682,-8.92002e-05,0.000342973,-5.11757e-05,0.000378081,0.000114786,0.00044429,0.0,0.0005069,0.00970991,-0.00897122,0.000448351,0.00454591,-0.000437677,0.00963709,-0.000428029,-0.000185859,0.00385187,0.00268371,0.00147543,0.000943523,0.00168474,0.000284254,0.00471848,0.00051039,0.000207092,0.0004463,-0.00265526,0.00986373,0.000470594,0.000237228,8.38933e-05,0.000269818,7.6047e-05,-0.000169922,0.000916459,0.000650136,0.000490542,0.000714978,0.00315386,0.00152305,0.00207034,-0.0217162,-0.0564252,-0.0466596,-0.0132989,-0.00207412,-0.0126218,-0.00216584,-0.00910227,-0.00475957,-0.000645142,-0.0629145,-0.050542,-0.024296,-0.0185655,-0.13709,-0.403141,0.000439079,5.40357e-05,0.00159581
CEBS,-0.0226412,-0.0065696,-0.00096019,-0.00755583,-0.000276214,-0.00629712,-0.00332861,0.000300928,1.76761e-05,0.000184111,-0.000144611,-0.000339776,-0.0104197,-0.000410534,9.42835e-05,5.69931e-05,2.75659e-05,-4.58544e-05,-0.0210819,-0.00339681,0.000406002,0.0202554,-0.000730868,1.90888e-05,0.00448608,0.000393449,0.00142848,0.000163897,-9.63334e-05,0.000189097,-0.0005069,0.0,-4.31509e-05,-0.00503498,0.00254186,-3.40317e-05,0.0287276,-0.000652493,-0.00056875,-0.000345684,0.00346587,0.00159028,0.000858494,0.001048,0.00134611,-2.64213e-05,0.00163147,0.00018685,8.9974e-05,0.000484668,-0.00419502,0.00228598,0.00160126,0.000135489,0.000423106,0.000419889,6.8634e-05,-0.000266746,0.000673791,0.000652797,0.00123935,0.000754861,0.00254395,0.00139394,0.00187815,-0.0039402,-0.91201,-0.00400366,-0.862128,-0.0711603,-0.0100335,-0.000425042,-0.00543673,-0.00345389,-0.000143182,-0.0295555,-0.000102736,-0.0511812,-2.22268e-05,-0.00210328,-0.00334633,0.000990478,-2.70884e-05,0.00125416
CEPH,-0.0247693,-0.13908,-0.0480352,-0.143883,-0.00263669,-0.00947328,-0.039582,0.000547766,0.000163854,0.000151085,-0.0134937,-0.010057,-0.0882417,5.29531e-05,0.000448523,0.00152091,0.00106352,0.00129282,0.000649703,0.00879224,0.00977423,0.0203903,0.00352577,0.0271871,0.000263565,0.000255359,0.000187708,0.00576583,0.0107185,0.000442252,-0.00970991,4.31509e-05,0.0,-0.0206361,0.000254873,0.000841591,-0.000513199,0.000772899,-0.000508154,-1.29616e-05,0.00178704,0.0016526,0.000790069,0.00184372,0.000993548,0.000675983,0.0245026,0.00212164,0.000446999,0.000577074,0.000102882,0.00120114,0.00312337,0.000191292,0.000370943,0.000852988,0.000389201,-8.45836e-05,0.000338044,0.000598689,0.00226101,0.0007091,0.00193175,0.0012442,0.00214944,-0.00605919,-0.0697526,-0.00390039,-0.0213582,-0.00441343,-0.00801749,-0.00699668,-0.0042538,-0.00309812,-0.0002176,-0.024487,-0.0131138,-0.00759714,-0.215246,-0.0175657,-0.0349756,-0.000216189,0.000136283,0.00106566
CEPS,-0.018105,-0.192563,-0.000877533,-0.254399,-0.0507601,-0.0141085,-0.0097617,0.00262275,0.000603082,0.000517923,-0.0049862,-0.0138784,-0.130984,0.00108131,0.00113945,0.00382641,0.00511167,-0.0112499,-0.000951709,0.0317239,0.00439736,0.00230617,0.0103038,0.00204932,0.0164756,0.000189166,0.0158794,0.01399,0.00226272,0.000912554,0.00897122,0.00503498,0.0206361,0.0,0.00595546,0.00112356,0.0029135,0.000263861,-0.000341712,-0.00027532,0.00161291,0.000712824,0.000425639,0.000575676,0.000306744,-0.00017748,0.000668952,2.62315e-05,-4.35312e-05,0.000383835,-0.00343725,0.00113398,0.00156038,0.00036002,0.00332013,0.00151862,0.000356888,-7.58496e-05,0.00029909,0.000638802,0.00158817,0.000826009,0.00150479,0.00118861,0.00132594,-0.00638252,0.00710353,-0.00887411,0.0312464,0.0307224,-0.00845893,-0.0161395,-0.00515597,-0.00342882,-0.000314867,-0.0250975,-0.00119,0.0159624,-8.03154e-05,-0.00478176,-0.0148266,-0.00115207,0.000177798,0.00109227
DNS,-0.0183242,-0.003545,-0.000870663,-0.00290747,-0.000878981,-0.00112808,-0.000421323,3.74091e-05,4.54015e-05,-0.00492079,-0.0179254,-0.0203104,-0.0243679,-0.000316579,-0.000149171,-0.00088633,-0.0273702,-0.00193822,-0.00478484,-0.00403082,-0.000450466,-0.000116706,-0.000829271,-0.000479311,-0.000332409,-3.22114e-05,-0.000294739,8.92071e-05,-0.000101644,0.00065356,-0.000448351,-0.00254186,-0.000254873,-0.00595546,0.0,7.29994e-05,-0.00383893,-0.000126051,-0.00259665,-0.00505862,0.000625663,-0.000528939,0.000270823,0.000538739,-5.39344e-05,-0.000387232,-0.000717969,-0.000154039,-0.000125409,0.00115104,-0.00353582,0.00248451,0.000231444,0.000427075,0.00755583,0.00035026,0.000216475,-7.34318e-05,0.000381089,0.000675232,0.000385401,0.000739473,0.00121787,0.0011979,0.0010823,-0.00418087,-0.0737618,-0.0113957,-0.0375711,-0.0121026,-0.00829467,-0.00330022,-0.00528684,-0.00311141,-0.000423302,-0.0250577,-0.000613984,-0.00360927,-0.00434387,-0.00247713,-0.00951767,-0.00210438,0.000231111,0.00114255
DNH,-0.109125,-0.00103371,-0.000326623,-0.00351289,-0.000124621,-0.00236226,-0.00411497,0.000498221,0.000102283,4.39132e-05,-0.00293183,-0.00479996,-0.0604175,-0.00016512,0.000494028,-0.0948483,-0.0153115,-0.00566916,-0.00555898,-0.00279499,-0.00224454,-0.00147919,-0.00258261,-0.00522498,0.000336402,0.00071805,0.000293983,-0.00537366,0.000154672,0.00033322,-0.00454591,3.40317e-05,-0.000841591,-0.00112356,-7.29994e-05,0.0,-0.000620418,-0.000128322,-3.45046e-05,-8.97874e-06,0.00170536,0.00144025,0.000929607,0.000878105,0.000915284,0.000449942,0.00988205,0.00113253,0.000485044,0.000722572,-0.00118704,0.00319297,0.000424588,0.000278819,0.000142104,0.000283234,0.000164534,-9.47436e-05,0.000454404,0.000712275,0.000455945,0.000783456,0.00169917,0.0012999,0.00258895,-0.0820418,-0.0148149,-0.0320927,-0.00580202,-7.20342e-05,-0.126466,-0.028839,-0.0063239,-0.0776714,-0.0304173,-2.8728,-0.0117087,-0.00137019,-0.00565081,-0.0224775,-0.0211127,0.00461961,0.000356748,0.00125404
DRS,-0.0168809,-0.00136809,-6.71107e-05,-0.00196851,0.000488446,-0.000498288,0.000291792,0.000806788,5.16392e-05,0.000631067,-1.8811e-06,-0.00072577,-0.0107694,-0.000229757,0.000845311,0.000547521,0.000575216,0.000122586,-0.00223898,-0.000590347,1.18505e-05,0.000680376,0.000355052,0.000728895,0.000816031,0.00110307,0.00070949,0.000422036,0.000230523,0.000541572,0.000437677,-0.0287276,0.000513199,-0.0029135,0.00383893,0.000620418,0.0,9.08399e-05,-0.000288144,-0.00536574,0.0013507,0.00259576,0.00242998,0.00286859,0.00291888,0.000749646,-0.000154026,0.000607995,0.000620593,0.00107584,-0.00260511,0.00512971,0.00294647,0.000360942,0.00123924,0.000512807,0.000216814,-0.000111198,0.000291699,0.000633215,0.00202179,0.000756546,0.00249151,0.00135818,0.00167852,-0.00189691,-0.230995,-0.00554378,-0.118595,-0.0101269,-0.0057029,-0.000321672,-0.00313365,-0.00130403,0.000988368,-0.0210934,-0.000889183,-0.00908303,0.000767199,-0.0004828,-0.00174041,0.00939549,9.02937e-05,0.00115024
DRH,-0.0336956,-0.00115353,-0.119452,-0.00100019,0.000433395,0.000227215,-0.00018299,0.000675599,8.2472e-05,0.000447854,-6.56627e-05,-0.011375,-0.00682918,-0.000206907,0.000783589,0.000550975,0.000432562,0.000535166,-0.0038004,0.000109802,-0.00071374,0.000629794,-0.000300025,-0.0297799,0.000335296,0.00104485,0.000305392,0.000427394,0.000228892,0.000457402,-0.00963709,0.000652493,-0.000772899,-0.000263861,0.000126051,0.000128322,-9.08399e-05,0.0,0.000137022,0.000145555,0.00199495,0.00191818,0.00600686,0.00101456,0.000803774,0.00037993,-0.000281847,0.000511314,0.000464583,0.000921221,-0.00271692,0.00123973,0.000429002,0.000333007,0.000149839,0.000292872,9.60365e-05,-0.000142615,0.000361704,0.000704097,0.000468003,0.000793222,0.00210467,0.00132873,0.00227411,-0.0911854,-0.0209165,-0.0180126,-0.00690135,-0.00018531,-0.14439,-0.0292436,-0.00477955,-0.821951,-0.0670756,-0.532104,-0.034359,-0.00174389,-0.000952912,-0.00737735,-0.0219985,0.00820533,0.000253697,0.00125989
ARF,-0.0186256,0.000173025,-0.000326865,-0.000100814,0.00071945,0.000366263,0.000617897,0.000604864,4.15295e-05,0.000597324,-0.0033274,0.000215331,-0.00499741,-0.000324755,0.000713921,0.00046644,0.000464263,0.000594418,0.000209278,0.000504521,0.000475505,0.000589164,0.000570528,0.000655047,2.39088e-06,0.001025,2.24257e-05,0.000398504,0.000162667,0.000574771,0.000428029,0.00056875,0.000508154,0.000341712,0.00259665,3.45046e-05,0.000288144,-0.000137022,0.0,8.57008e-05,0.00214792,0.0108521,0.00231097,0.00187234,0.00180579,0.000855615,-0.000461155,0.000474086,0.000469216,0.000971197,-0.00346518,0.00418227,0.00238752,0.000378826,0.00202647,0.000655908,0.000154669,-0.00017347,0.000398746,0.00062695,0.00176742,0.000734692,0.00313102,0.00161928,0.00218866,-0.0038559,-0.00762164,-0.0116817,-0.00352725,0.000742556,-0.00772958,0.000458106,-0.00483441,-0.00209757,0.000770549,-0.0248595,0.000709571,0.000474383,0.000862503,-0.000842325,-0.00173586,0.00804602,4.33399e-05,0.00135765
PWL,-0.0139729,-0.000382138,-0.00050817,-0.000216118,0.000184811,-0.00297591,-0.00036766,0.000505911,0.000137075,0.000404936,-0.0157659,-0.0231615,-0.182834,-0.000337825,0.000337781,0.000209145,0.000181047,-0.00805392,-1.85334e-05,4.28735e-05,0.000285956,0.000314098,0.000292645,0.000339021,0.00035928,0.000680904,0.000308637,0.000338798,6.03404e-05,0.000787347,0.000185859,0.000345684,1.29616e-05,0.00027532,0.00505862,8.97874e-06,0.00536574,-0.000145555,-8.57008e-05,0.0,0.000944286,0.00849368,0.00606642,0.00385121,0.00721608,0.00137866,-0.00038799,0.000263447,0.000552862,0.000931829,-0.00240168,0.00217277,0.0023422,0.000500803,0.00606115,0.000835921,0.000341812,8.83432e-05,5.64902e-05,0.00061381,0.00176223,0.000724867,0.00326006,0.00163339,0.0021181,-0.00373752,-0.00633726,-0.00150711,-0.00253231,0.000510374,-0.00638711,-0.00750265,-0.00327709,-0.00202257,0.000412829,-0.0194034,-0.00169702,0.000118527,0.000218474,-0.00184946,-0.00837359,0.00450963,0.000314518,0.00112422
