TOT,SB,MM,TUR,XIP,THU,LPL,MPL,SPL,HAK,HAK1,HAK2,HAK3,HAK4,MUL,MUL1,MUL2,MUL3,TRA,PAG,DFS,DFH,DSM,DSP,DSR,MSC,MSG,MSP,ENG,SAR,EPI,CEBH,CEBS,CEPH,CEPS,DNS,DNH,DRS,DRH,ARF,PWL,SUP,MbO,MbFF,MbDF,MbC,MbPAR,MbSCA,MbH,MbGRA,MbSF,MbPF,BO,EUP,ZG,ZL,ZM,ZS,PB,BB,PS,DF,PL,MB,SG,MA,Bathyrajabrachyurops,Chimaeramonstrosa,Dalatiaslicha,Dipturusoxyrinchus,Etmopterusspinax,Galeusmelastomus,Mustelusasterias,Mustelusmustelus,Myliobatisaquila,RSH,RSS,Rajaasterias,Rajaclavata,Rajamiraletus,Rajapolystigma,SSH,SSS,Scyliorhinuscanicula,Squalusblainville,Torpedomarmorata,Torpedotorpedo,DC,SPOM,BD
SB,0.0,0.0121864,0.0149192,0.00932477,0.0156904,0.0154515,0.0183473,0.0349642,0.00876646,0.0160466,0.0141767,0.0140317,0.00888397,0.010637,0.0243203,0.0192371,0.0238977,0.0190902,0.0182846,0.0217792,0.349862,0.0834191,0.12258,0.492485,0.0199435,0.0217888,0.0186616,1.92799,1.12793,0.154085,0.0236604,0.0226332,0.0247723,0.0181094,0.0183255,0.109133,0.0168805,0.033694,0.018627,0.0139754,0.0615047,0.0247007,0.0211881,0.0219074,0.0278393,0.0229711,0.0257399,0.0198781,0.015342,0.0202218,0.0147438,0.0219307,0.0855772,0.041764,0.0511122,0.128434,0.040989,0.0160432,0.0192345,0.0312955,0.0979198,0.0466746,0.0399612,0.0355221,0.0399427,0.0209595,0.0241892,0.0146211,0.0177006,0.0176226,0.0257056,0.0199983,0.0216867,0.0251989,0.0230307,0.000698064,0.0265596,0.0249681,0.0283012,0.00950806,0.0218721,0.0178152,0.0251679,0.0216106,0.0223115,0.0242735,0.145593,0.0262868,0.0408588
MM,-0.0121864,0.0,-0.000488708,-0.000107504,0.000219917,4.1853e-05,0.000145766,0.00278177,0.000335061,0.0003289,0.000467706,-7.12782e-05,-0.00295188,0.000751489,0.00191267,0.00169867,0.00219377,0.0220876,0.04078,0.0170209,0.00499624,0.0070959,0.0481294,0.00649021,0.0116276,0.000253372,0.0482463,0.00720717,0.00307025,0.00225293,0.00569382,0.00656831,0.139118,0.192616,0.00354579,0.00103405,0.00136797,0.00115378,-0.000173027,0.000382334,0.00133306,0.000812048,0.000469859,0.000720974,0.000437056,9.12847e-05,0.00385815,0.000448756,0.000130316,0.000660165,-0.00152685,0.000943401,0.00167992,0.000793134,0.00715131,0.00186055,0.000705413,0.000164703,0.000343121,0.000688458,0.00175421,0.000883116,0.00140265,0.00108619,0.00126768,-0.00197441,-0.00377872,0.00103145,-0.000815116,0.00916476,0.00983453,-0.00167867,0.000194196,-0.00562399,-0.000426844,-0.0139845,-0.00192865,-7.27737e-05,-6.30607e-05,-0.0163517,-1.74986e-06,0.00422187,0.000374378,0.00633493,-0.000663664,-0.000917826,-0.00066358,0.000403494,0.00106013
TUR,-0.0149192,0.000488708,0.0,0.000242338,0.000898463,0.000670889,0.000912841,0.000885129,0.000524678,0.000805108,0.000526157,0.000469882,-0.00325757,0.000300767,0.000948138,0.00074588,0.000859619,0.00134164,0.000564635,0.00125545,0.00113813,0.00175904,0.00123488,0.00283341,0.000950963,0.00118398,0.000824714,0.000938338,0.000999521,0.000822768,0.000714083,0.000959643,0.0480401,0.000877606,0.000870745,0.000326554,6.6914e-05,0.119463,0.000326797,0.000508286,0.00286905,0.0123337,0.0285953,0.0067871,0.00587275,0.0112337,0.00658882,0.0386929,3.33618,0.00359452,0.0636153,0.00161621,0.000904932,0.000791858,0.000434245,0.000669369,0.000438379,0.000106834,0.000903474,0.00136388,0.000892712,0.0014477,0.00863653,0.00433341,0.00750672,-0.00157663,-0.00365604,-0.00449984,-0.000288059,-0.00150005,0.00124155,-0.00150285,0.000873674,-0.00587462,0.000401031,-0.0170925,-0.00129603,0.000912199,0.00105776,-0.0196373,0.000630707,0.000343786,0.00115432,0.000708363,-0.000192977,-0.000481154,0.00560714,0.000613914,0.00422405
XIP,-0.00932477,0.000107504,-0.000242338,0.0,0.000306692,0.000168334,0.0722038,0.0139298,0.0014703,0.00111347,0.00156255,7.17675e-05,-0.00218035,0.000699132,0.000862384,0.00208471,0.0100961,0.00812827,0.000319901,0.0194908,0.00411051,0.00528131,0.00839767,0.00836638,0.0129417,0.000386089,0.0069671,0.0589684,0.0282972,0.00079397,0.0184125,0.00755263,0.1439,0.25443,0.00290754,0.0035133,0.00196799,0.00100012,0.00010077,0.000216167,0.00242966,0.00136195,0.000787257,0.000886258,0.000844189,0.000340394,0.00448162,0.000633116,0.000278417,0.000592723,-0.00085166,0.00151061,0.00275944,0.000507096,0.00277994,0.00350125,0.000989267,0.00027958,0.000673778,0.000854061,0.00296626,0.00125294,0.00182327,0.00133242,0.00164444,-0.00132588,-0.00267801,0.00379781,-0.000467561,0.0132579,0.0131172,-0.000994798,0.000445936,-0.00408107,-0.000123444,-0.0106945,-0.00124147,0.000164575,0.000201411,-0.0124281,0.000302407,0.00590001,0.000650598,0.00862736,-0.000186161,-0.000338069,0.000451521,0.000578992,0.00142002
THU,-0.0156904,-0.000219917,-0.000898463,-0.000306692,0.0,-0.000224953,0.0258816,0.0141607,2.92803e-05,-8.17684e-06,-1.54022e-05,-0.000349643,-0.00396098,0.000403577,0.00220985,0.000558612,0.000863159,0.0130029,-0.000340102,0.00951825,0.00183706,0.00127254,0.0728353,0.00738755,0.00580951,3.86481e-05,0.0334993,0.00433878,0.00383577,0.000118715,0.00114462,0.000275362,0.00263682,0.0507633,0.000878985,0.00012458,-0.000488756,-0.000433576,-0.000719627,-0.00018486,0.000324151,-0.000325684,5.6813e-05,5.80795e-05,-0.000407278,-0.000480202,-0.000653777,-0.000186813,-0.00023501,0.000167842,-0.00295419,4.42729e-05,0.000808262,7.81952e-05,0.000528568,0.000633691,6.4723e-05,-0.000187621,-7.43416e-05,0.000213751,0.000792207,0.000296729,0.00046136,0.000372187,0.000418203,-0.00292036,-0.00530175,-0.00424082,-0.00136892,0.000262948,0.00231424,-0.0027309,-0.000336659,-0.00769583,-0.000965192,-0.0180181,-0.00296251,-0.000544277,-0.00059192,-0.021225,-0.00060108,0.000485846,-0.000233959,0.00115389,-0.00148711,-0.0018963,-0.00270523,-0.000113962,0.000169269
LPL,-0.0154515,-4.1853e-05,-0.000670889,-0.000168334,0.000224953,0.0,0.0473618,0.0265259,0.000188176,0.000220019,0.000183398,-0.000144001,-0.00377331,0.000131928,0.000496347,0.00077717,0.00104133,0.129445,-0.000271146,0.0095472,0.00210453,0.00145406,0.00960674,0.000608766,0.0103924,0.0650469,0.104514,0.00927635,0.0249138,0.000797779,0.00128274,0.00629725,0.00947414,0.0141096,0.00112817,0.00236241,0.000498151,-0.000227421,-0.000366403,0.00297617,0.00156908,0.000764474,0.000512993,0.000453881,0.000138373,7.33827e-05,1.87389e-05,8.87392e-05,7.20724e-06,0.0020255,-0.00264205,0.000369423,0.00186896,0.00965918,0.00435823,0.00197022,0.000839908,0.00012318,0.000316059,0.000707385,0.0019292,0.000906793,0.0013685,0.00104194,0.00118353,-0.0025754,-0.00487424,-0.00494031,-0.00109431,-0.00154752,0.000833422,-0.00244091,-5.64624e-05,-0.0072174,-0.000620308,-0.0177338,-0.00253662,-0.000178023,-0.000177155,-0.0207656,-0.000315812,-0.000115636,8.23835e-05,0.000232497,-0.0011868,-0.00157018,-0.000939255,0.000347297,0.000949759
MPL,-0.0183473,-0.000145766,-0.000912841,-0.0722038,-0.0258816,-0.0473618,0.0,0.2125,5.52777e-05,5.42504e-05,-0.000102723,-0.000280537,-0.00455043,-0.000216242,-1.98972e-05,0.000110814,0.000120115,0.0327641,-0.000436879,0.00414323,0.00108633,0.0228539,0.00126924,0.00279005,0.00984375,0.000122878,0.000256807,0.0068658,0.004585,0.000217607,0.00155434,0.0033285,0.0395848,0.00976227,0.000421339,0.00411519,-0.000292031,0.000182787,-0.000618101,0.000367651,0.00109822,0.000798144,0.00287418,0.000396795,-9.39804e-05,-0.000340187,0.000594855,2.53067e-05,-0.000101736,0.000619783,-0.00315838,0.00127046,0.00581188,0.00115862,0.00100288,0.00287361,0.000590953,-1.61973e-05,0.000206548,0.000633808,0.00455855,0.00100822,0.00130977,0.00094453,0.00107761,-0.00322136,-0.00597617,-0.0143923,-0.00143732,-0.00465488,-0.000112144,-0.271742,-0.013772,-0.00876633,-0.00091597,-0.0210629,-0.00321892,-0.000411494,-0.000430819,-0.0247314,-0.0280898,-0.00229095,-0.00634681,-0.000824285,-0.0229036,-0.0293492,-0.00223609,0.000218347,0.000774658
SPL,-0.0349642,-0.00278177,-0.000885129,-0.0139298,-0.0141607,-0.0265259,-0.2125,0.0,-4.03157e-05,-8.07575e-05,-0.000285852,-0.000387409,-0.00492921,-0.000335994,-0.000230725,-0.000304366,-0.000389517,-0.000291666,-0.000559556,2.89563e-05,-0.0001244,-0.000158307,-0.0956813,-0.00026502,0.0105186,-2.42849e-05,-0.000137836,-1.07209e-07,-0.000163228,2.2946e-05,-0.000251187,-0.000301072,-0.000547816,-0.00262472,-3.74209e-05,-0.00049832,-0.000806997,-0.000675807,-0.000605048,-0.000505985,0.000224466,-0.000229184,0.000927493,7.31793e-05,-0.000441305,-0.000501006,-0.000677806,-0.000182762,-0.000206568,1.72348e-05,-0.0029302,-0.000111499,0.000320798,0.000988542,6.05017e-05,0.00847547,0.000392707,-8.02212e-06,-6.74229e-05,0.00046736,0.00330075,0.00151257,0.000471128,0.000511488,0.000488963,-0.00291221,-0.00524662,-0.0180236,-0.00474577,-0.0060657,-0.00103315,-0.128108,-0.0435028,-0.00765975,-0.00092416,-0.0265198,-0.00291805,-0.00898849,-0.000633603,-0.0212617,-0.0140013,-0.00351251,-0.00138016,-0.00173151,-0.00528823,-0.00678655,-0.00297696,0.000223873,0.000238647
HAK,-0.00876646,-0.000335061,-0.000524678,-0.0014703,-2.92803e-05,-0.000188176,-5.52777e-05,4.03157e-05,0.0,-4.28526e-05,-0.0153505,-0.000363611,-0.325941,-0.000311278,-0.000125398,-8.23909e-05,-0.000219421,-1.04431e-05,-0.000229656,-0.0129816,-7.96724e-05,-8.82143e-05,-0.00106776,-6.48911e-05,-0.000134275,2.59406e-05,-0.000127716,9.29967e-05,-5.90634e-05,7.36373e-05,-8.99659e-05,-1.78413e-05,-0.000163878,-0.000603927,-4.54209e-05,-0.000102348,-5.17283e-05,-8.25941e-05,-4.16051e-05,-0.000137108,-0.000118444,-0.000108911,-2.40033e-05,-2.04466e-05,-0.00012914,-0.000127619,-0.000146524,-0.000344359,-0.000136075,5.8877e-05,-0.00352216,-0.000124911,0.0295881,2.73205e-05,3.7708e-05,0.00703712,0.00252366,0.000579462,-0.000294207,0.00113549,0.020037,0.0020783,0.000245442,0.000645447,0.000496939,-0.00159432,-0.00175492,-0.00486057,-0.00161626,-0.00193289,-8.53024e-05,-0.00190076,-0.000139991,-0.0026617,-0.000148355,-0.00994897,-0.000841838,-0.000675144,1.88655e-05,-0.0087306,-0.000498724,-0.00122662,-0.000268956,-0.00308356,-0.00131366,-0.00354597,-7.80039e-05,0.000770366,6.72232e-05
HAK1,-0.0160466,-0.0003289,-0.000805108,-0.00111347,8.17684e-06,-0.000220019,-5.42504e-05,8.07575e-05,4.28526e-05,0.0,-0.00991888,-0.000433237,-0.212114,-0.000261433,-0.000124449,-0.000256559,-0.000336916,-0.000146323,-0.000462993,-0.0106755,0.0130201,0.000320387,-0.00104645,-0.000154507,0.00346372,0.000101232,-7.98592e-05,8.58558e-05,-8.34128e-05,0.00233356,0.00010104,-0.000184743,-0.000151399,-0.000518813,0.00492077,-4.45535e-05,-0.000632068,-0.000448836,-0.000598284,-0.000405523,0.00132561,-0.000395042,0.00013392,0.000244779,-0.000194381,-0.000280069,-0.000610582,-7.31666e-05,-0.000110375,0.000217637,-0.00290004,0.000314995,0.0301926,0.00055531,0.000611839,0.00148721,0.00109603,0.000152725,0.000243353,0.000872631,0.0183451,0.00126803,0.000988914,0.000945715,0.00100989,-0.00291158,-0.00521404,-0.0209769,-0.00209379,-0.00685632,-0.00107794,-0.0724503,-0.0134434,-0.00766586,-0.000812078,-0.0204531,-0.00282105,-0.100159,-0.000386214,-0.0216211,-0.0511364,-0.00453957,-0.014253,-0.00401891,-0.0488819,-0.52727,-0.0024883,0.000345887,0.000839985
HAK2,-0.0141767,-0.000467706,-0.000526157,-0.00156255,1.54022e-05,-0.000183398,0.000102723,0.000285852,0.0153505,0.00991888,0.0,-0.000325947,-0.141255,2.14194e-05,0.000257861,0.000503543,0.000644439,0.146433,-0.000155001,-0.0226088,0.0024717,0.0204118,-0.00187112,0.000746177,0.00767092,0.000365849,0.000241306,0.00613546,0.00209532,0.000663276,0.00334215,0.000143625,0.0134945,0.00498499,0.0179267,0.00293122,5.55761e-07,6.43513e-05,0.00332645,0.0157665,0.00125277,0.00232713,0.000734169,0.00080798,0.000541619,7.15448e-05,0.000249048,0.000207186,0.000120841,0.00260336,-0.00230014,0.00202309,0.0051878,0.000430215,0.00411091,0.00125034,0.000896704,0.00016268,0.000421315,0.000791412,0.00361216,0.000927881,0.00157844,0.00126116,0.00136177,-0.0024544,-0.00426659,-0.0281414,-0.0394217,-0.00829943,-0.000981387,-0.104369,-0.0193062,-0.00643877,-0.00043262,-0.113446,-0.00215231,-0.146783,1.56144e-05,-0.0189614,-0.0743669,-0.00671247,-0.0206619,-0.00779856,-0.0705192,-0.771257,0.000139012,0.000419606,0.00122263
HAK3,-0.0140317,7.12782e-05,-0.000469882,-7.17675e-05,0.000349643,0.000144001,0.000280537,0.000387409,0.000363611,0.000433237,0.000325947,0.0,-0.13422,9.77937e-05,0.000365938,0.000786931,0.00102358,0.254664,-0.000103723,0.00790232,0.00834917,0.000850138,0.00058395,0.000666657,0.00357952,0.000427313,0.000593594,0.0105364,0.00523689,0.000824742,0.00260214,0.000338771,0.0100577,0.0138798,0.0203122,0.0047997,0.000724677,0.011375,-0.00021642,0.0231633,0.00114526,0.000820558,0.000801112,0.000759048,0.000469258,7.21865e-05,0.000224231,0.000238694,0.000148473,0.00412703,-0.00227947,0.00124356,0.00252166,0.000526068,0.00582406,0.00145996,0.00120879,0.000264196,0.000350162,0.000860547,0.00214301,0.000968025,0.0014197,0.00117074,0.00125569,-0.00214305,-0.0042004,-0.0371785,-0.0415547,-0.0103325,-0.00118464,-0.160939,-0.0299255,-0.00631882,-0.000348186,-0.119003,-0.00205545,-0.127641,0.000103486,-0.0187687,-0.115466,-0.0073198,-0.0315634,-0.00235975,-0.10906,-1.19866,0.000722407,0.0005395,0.00107165
HAK4,-0.00888397,0.00295188,0.00325757,0.00218035,0.00396098,0.00377331,0.00455043,0.00492921,0.325941,0.212114,0.141255,0.13422,0.0,0.0226301,0.0170961,0.066396,0.0887036,2.95161,0.00438756,0.64542,0.0749285,0.0268925,0.012031,0.00957601,0.0432255,0.00546257,0.00790714,0.1216,0.039131,0.0084801,0.044592,0.0104163,0.0882502,0.130997,0.0243701,0.060423,0.0107698,0.00682882,0.00499797,0.182852,0.0121523,0.0155034,0.00729985,0.00738779,0.00923421,0.00596994,0.0114684,0.00497047,0.00397144,0.0452286,0.0028075,0.00882029,0.0463778,0.00577083,0.0452079,0.0168529,0.0148789,0.00519566,0.00430492,0.00791519,0.0339918,0.00912546,0.0117337,0.00954569,0.0104104,0.00363762,0.00310459,0.00392156,-0.785042,0.0101631,0.0127029,0.00360577,0.00538101,0.00200395,0.00526751,-2.00297,0.0050275,0.00599493,0.00680938,-0.00961742,0.00528247,0.00706855,0.00635094,0.0093892,0.00490454,0.00519125,0.0339912,0.00727201,0.0102408
MUL,-0.010637,-0.000751489,-0.000300767,-0.000699132,-0.000403577,-0.000131928,0.000216242,0.000335994,0.000311278,0.000261433,-2.14194e-05,-9.77937e-05,-0.0226301,0.0,0.000272948,0.000264941,0.000204145,0.000325603,8.41948e-05,-0.0294382,0.000200991,0.000235161,-0.0184733,0.000294647,0.00016612,0.000456255,0.00013946,0.000352008,0.00017392,0.000391143,0.00024106,0.00041022,-5.29261e-05,-0.00108272,0.000316603,0.000165083,0.000229692,0.000206757,0.000324746,0.000337886,0.00202773,0.00263365,0.0010377,0.00141621,0.0134242,0.00215336,0.000216413,0.000403939,0.000944038,0.000933702,-0.0033776,0.018697,0.000451982,0.000410115,0.000173693,0.00176736,0.000735126,0.000112132,0.00190761,0.00106363,0.001047,0.00121081,0.00323142,0.00254094,0.00239555,-0.0597631,-0.00159722,-0.0328929,-0.00312455,-0.00957638,-0.00146313,-0.0429356,-0.00777615,-0.0959442,-0.0302069,-0.0154973,-0.279618,-0.0152377,-0.0104347,-0.319,-0.0617954,-0.00796421,-0.0602459,-0.00861342,-0.0299694,-0.478931,0.00242447,0.000427453,0.00290312
MUL1,-0.0243203,-0.00191267,-0.000948138,-0.000862384,-0.00220985,-0.000496347,1.98972e-05,0.000230725,0.000125398,0.000124449,-0.000257861,-0.000365938,-0.0170961,-0.000272948,0.0,-0.000226728,-0.000311351,-5.74372e-05,-0.000465499,-0.0172994,-4.4374e-05,3.87874e-05,-0.0754367,-5.99008e-05,4.11365e-05,0.000311051,2.24137e-05,0.000184441,-4.21508e-05,0.000282016,-0.000135685,-9.43971e-05,-0.000448403,-0.00114011,0.000149281,-0.000493905,-0.000845233,-0.000783569,-0.000713789,-0.000337584,0.00223653,0.00212543,0.00921453,0.00307602,0.0103696,0.013853,0.00908524,0.00142109,0.000820042,0.000770299,-0.00176159,0.00361896,0.000319882,0.000272147,0.000963324,0.000279914,0.000103353,-0.000171326,0.000491874,0.000737526,0.000420573,0.000780197,0.00332836,0.00199123,0.00228033,-0.346284,-0.00663975,-0.0713847,-0.00845637,-0.0211012,-0.00418492,-0.320212,-0.0613473,-0.558589,-0.179967,-0.0414395,-1.64061,-0.0894353,-0.0648533,-1.84615,-0.225149,-0.0158565,-0.06379,-0.00948614,-0.216976,-1.95451,-0.00153015,9.45196e-05,0.00204322
MUL2,-0.0192371,-0.00169867,-0.00074588,-0.00208471,-0.000558612,-0.00077717,-0.000110814,0.000304366,8.23909e-05,0.000256559,-0.000503543,-0.000786931,-0.066396,-0.000264941,0.000226728,0.0,-2.85488e-05,4.98536e-05,-0.000239865,-0.0902833,9.33822e-05,0.0010121,-0.00860148,7.36432e-05,-9.01508e-05,0.00051288,-7.54782e-05,0.000236164,2.84443e-05,0.000272025,1.65691e-05,-5.7386e-05,-0.00152103,-0.00383119,0.000886424,0.0948596,-0.000547828,-0.000551355,-0.000466678,-0.000209193,0.00104385,0.00286292,0.00301978,0.00808426,0.00926172,0.00132396,0.00449891,0.00085302,0.000737025,0.00083624,-0.00244173,0.00188587,0.000363249,0.00023328,0.000129915,0.000245305,9.7668e-05,-0.000164608,0.000309823,0.000643208,0.00042013,0.000686413,0.00379967,0.0020106,0.00325312,-0.0499271,-0.00565359,-0.0268382,-0.00678646,-0.0086063,-0.000895627,-0.0828095,-0.0151576,-0.0826105,-0.0230374,-0.035541,-0.0343543,-0.0140366,-0.00872407,-0.272073,-0.0516183,-0.00904583,-0.017111,-0.0209202,-0.0550961,-0.0712412,0.0014061,0.000148455,0.00151216
MUL3,-0.0238977,-0.00219377,-0.000859619,-0.0100961,-0.000863159,-0.00104133,-0.000120115,0.000389517,0.000219421,0.000336916,-0.000644439,-0.00102358,-0.0887036,-0.000204145,0.000311351,2.85488e-05,0.0,8.41112e-05,-0.000270676,-0.121422,0.000180959,0.00799855,-0.0144617,0.000123758,-0.000125827,0.000665296,-0.000104146,0.000360751,0.000102656,0.000644803,7.21021e-05,-2.80356e-05,-0.00106356,-0.00511818,0.0273728,0.0153129,-0.0005755,-0.000432927,-0.000464462,-0.000181042,0.000958951,0.00618381,0.0230098,0.0116508,0.027233,0.0158559,0.0111148,0.00229135,0.00203447,0.00203609,-0.00159712,0.00272777,0.000716852,0.000533711,0.00310588,0.000476439,0.000262342,-0.00010047,0.000488877,0.00103976,0.000746729,0.00110856,0.00658983,0.00316423,0.00405362,-0.159059,-0.00693311,-0.0210856,-0.00991313,-0.00727296,-0.000241925,-0.00387408,-0.0110226,-0.257843,-0.0757284,-0.0477481,-0.108711,-0.0433303,-0.0291983,-0.855408,-0.000338932,-0.00887936,-0.00129809,-0.0268742,-0.00158332,-0.0025311,0.000974684,0.000378756,0.00259379
TRA,-0.0190902,-0.0220876,-0.00134164,-0.00812827,-0.0130029,-0.129445,-0.0327641,0.000291666,1.04431e-05,0.000146323,-0.146433,-0.254664,-2.95161,-0.000325603,5.74372e-05,-4.98536e-05,-8.41112e-05,0.0,-0.000389309,-0.00491289,0.00403072,0.000409137,-0.0007728,0.000281007,0.00429749,0.000302171,0.000427758,0.0135998,0.00404816,0.000645846,0.00147518,4.52844e-05,-0.00129288,0.0112492,0.00193835,0.00566953,-0.000122993,-0.000535623,-0.000594789,0.0080546,0.00065437,0.000402054,0.00039489,0.000454973,-6.72573e-05,-0.000279162,-0.000220049,5.60581e-05,-2.42612e-05,0.00481556,-0.00330833,0.000302005,0.00242446,0.000359649,0.00463107,0.00160551,0.00136094,0.000202387,3.34905e-05,0.000771088,0.00217229,0.000863907,0.00105332,0.000881315,0.000949813,-0.0600728,-0.00597237,-0.0128582,-0.0129221,-0.00398632,0.00039086,-0.0847308,-0.00972991,-0.0121843,-0.00839307,-0.050879,-0.0142048,-0.0312543,-0.000591277,-0.0361127,-0.0182413,-0.00202439,-0.00604688,-0.00176126,-0.0143615,-0.0805295,-0.00049936,0.000395566,0.000580371
PAG,-0.0182846,-0.04078,-0.000564635,-0.000319901,0.000340102,0.000271146,0.000436879,0.000559556,0.000229656,0.000462993,0.000155001,0.000103723,-0.00438756,-8.41948e-05,0.000465499,0.000239865,0.000270676,0.000389309,0.0,0.000652269,0.00753362,0.00482437,-0.00724119,0.000959783,0.000926964,0.00074039,0.000582746,0.000397452,0.0001844,0.000508679,0.0247733,0.0210837,-0.000649654,0.000951673,0.00478538,0.00555956,0.00223911,0.0038006,-0.000209345,1.86192e-05,0.00156134,0.00599874,0.00311957,0.0147214,0.0220755,0.00460906,0.0611468,0.00586147,0.00259222,0.00179679,0.00565008,0.00241543,0.000957902,0.000444225,0.00066633,0.000464152,0.000215688,-7.6633e-05,0.000579652,0.00083992,0.000850392,0.00088652,0.00630813,0.00318207,0.00441932,-0.0687393,-0.00515021,-0.0061813,-0.00178226,-0.00241509,0.000692236,-0.00266966,-0.000406254,-0.113804,-0.0323998,-0.022763,-0.0474774,-0.017285,-0.0121731,-0.377005,-2.73443e-05,-0.000208195,0.000155544,0.000156235,-0.000965997,-0.0014131,0.00280427,0.00026693,0.00246664
DFS,-0.0217792,-0.0170209,-0.00125545,-0.0194908,-0.00951825,-0.0095472,-0.00414323,-2.89563e-05,0.0129816,0.0106755,0.0226088,-0.00790232,-0.64542,0.0294382,0.0172994,0.0902833,0.121422,0.00491289,-0.000652269,0.0,0.0117245,0.0076205,-0.0701103,-0.000648014,-0.00213231,0.000203302,-0.00267056,0.000595295,6.16032e-05,0.000307566,0.00660615,0.00339598,-0.0087935,-0.0317729,0.00403082,0.00279428,0.000588957,-0.000111214,-0.000505923,-4.37251e-05,0.00200683,0.000935877,0.000600031,0.000722692,0.000628834,5.04768e-05,-0.000133273,4.8311e-05,-4.80142e-06,0.000928882,-0.00295941,0.00110685,0.00557961,0.000223171,0.00198627,0.000956534,0.000309034,-7.39713e-05,0.000417815,0.00061162,0.00372236,0.000776643,0.00165274,0.00117795,0.00138963,-0.0113261,-0.00534574,-0.0875203,-0.0547706,-0.0271275,-0.00405687,-0.00641549,-0.00188086,-0.00961962,-0.00140152,-0.15319,-0.00359441,-0.0187343,-0.000549615,-0.0283307,-0.00151979,-0.0607721,-0.0133515,-0.204881,-0.00207598,-0.00554426,-0.00133443,0.000136471,0.00117162
DFH,-0.349862,-0.00499624,-0.00113813,-0.00411051,-0.00183706,-0.00210453,-0.00108633,0.0001244,7.96724e-05,-0.0130201,-0.0024717,-0.00834917,-0.0749285,-0.000200991,4.4374e-05,-9.33822e-05,-0.000180959,-0.00403072,-0.00753362,-0.0117245,0.0,0.00209043,-0.0453984,-0.0077788,-0.000232221,0.000155403,-0.000232207,0.000155483,-7.75138e-06,-0.00121157,-5.84171e-05,-0.00040632,-0.00977511,-0.00440107,0.000450484,0.00224461,-1.206e-05,0.000713547,-0.000475711,-0.000286023,0.00214407,-5.54153e-05,0.000399428,0.000684067,0.000208131,0.000677387,0.000709116,0.000165804,4.20438e-05,0.000305118,-0.00253855,0.000840889,0.00414571,-9.20486e-05,-2.04745e-05,0.000833936,0.000245942,-7.2868e-05,0.000443455,0.00064926,0.00282979,0.000788377,0.00149726,0.00112737,0.00132602,-0.00601966,-0.00466944,-0.0235858,-0.00775636,-0.00889294,-0.0011505,-0.0173168,-0.00373681,-0.00777525,-0.000921787,-0.0339416,-0.00288718,-0.00598483,-0.00027929,-0.0249412,-0.019242,-0.00496727,-0.0407428,-0.00463263,-0.00736611,-0.109721,-0.00077179,0.00038315,0.00105963
DSM,-0.0834191,-0.0070959,-0.00175904,-0.00528131,-0.00127254,-0.00145406,-0.0228539,0.000158307,8.82143e-05,-0.000320387,-0.0204118,-0.000850138,-0.0268925,-0.000235161,-3.87874e-05,-0.0010121,-0.00799855,-0.000409137,-0.00482437,-0.0076205,-0.00209043,0.0,-0.0107222,-0.00530643,7.55709e-06,0.000204918,-5.32479e-06,0.000144086,-3.73483e-05,0.000128199,-0.00156581,-0.020258,-0.0203921,-0.00231007,0.000116681,0.00147914,-0.000680712,-0.000630155,-0.000589455,-0.000314217,0.0019814,0.000348009,0.000256348,0.000323667,3.30314e-06,-0.00028585,-0.000787882,-2.11206e-05,-4.45538e-05,0.000252136,-0.00306341,0.00739536,0.0048302,0.000162397,5.98765e-05,0.000389802,0.000244785,-9.033e-05,0.000782231,0.000684365,0.00308147,0.000767575,0.00180803,0.00126115,0.0013633,-0.286982,-0.00529227,-0.125082,-0.00326217,-0.0857056,-0.00829734,-0.153632,-0.0290811,-0.0926243,-0.0284341,-0.0241661,-0.0388181,-0.0168072,-0.0116713,-0.691534,-0.0894474,-0.0278614,-0.0299423,-0.0406477,-0.559683,-0.109313,-0.00177763,0.000357646,0.0012669
DSP,-0.12258,-0.0481294,-0.00123488,-0.00839767,-0.0728353,-0.00960674,-0.00126924,0.0956813,0.00106776,0.00104645,0.00187112,-0.00058395,-0.012031,0.0184733,0.0754367,0.00860148,0.0144617,0.0007728,0.00724119,0.0701103,0.0453984,0.0107222,0.0,0.0102449,0.00481256,0.000353595,0.0354995,0.00231983,0.00274733,0.00131878,0.000570441,0.000730664,-0.00352592,-0.0103139,0.000829389,0.00258289,-0.000355179,0.000299917,-0.000570623,-0.000292607,0.00174062,0.000632377,0.000740707,0.000738597,0.000351296,0.000433446,0.000309785,0.000195303,3.95018e-05,0.000444031,-0.00332073,0.00104918,0.00315205,0.000490507,0.000362362,0.00177391,0.000252426,-0.000128207,0.000320885,0.000638666,0.00260561,0.000880761,0.00153827,0.00117536,0.00136783,-0.00378424,-0.00615864,-0.0175676,-0.0837671,-0.00583783,-0.000373034,-0.00621852,-0.0390835,-0.00969006,-0.000843679,-0.228472,-0.00341979,-0.000948763,-0.0025659,-0.0283005,-0.00129338,-0.00321824,-0.0019105,-0.00250027,-0.00240727,-0.0044045,-0.000140321,0.000218606,0.00105348
DSR,-0.492485,-0.00649021,-0.00283341,-0.00836638,-0.00738755,-0.000608766,-0.00279005,0.00026502,6.48911e-05,0.000154507,-0.000746177,-0.000666657,-0.00957601,-0.000294647,5.99008e-05,-7.36432e-05,-0.000123758,-0.000281007,-0.000959783,0.000648014,0.0077788,0.00530643,-0.0102449,0.0,0.000232549,0.000333078,0.000105532,0.000601086,9.92453e-05,0.000733299,-0.00512711,-1.92347e-05,-0.0271893,-0.00205016,0.000479432,0.00522559,-0.000728882,0.0297827,-0.000654984,-0.000338876,0.00181684,0.0026067,0.00313774,0.00197429,0.00255708,0.00386727,0.00289478,0.00438994,0.000331417,0.000485508,-0.00285023,0.000951147,0.00244089,0.000276193,7.59044e-05,0.00104244,0.000164917,-0.000158969,0.00033304,0.000643697,0.00192714,0.000798472,0.00223087,0.00146829,0.00207486,-0.0748669,-0.00620268,-0.0734687,-0.0029905,-0.0215255,-0.00432515,-0.897716,-0.212098,-0.0266896,-0.0063073,-0.0266715,-0.0106613,-0.00360696,-0.0022736,-0.0852039,-0.10291,-0.0158113,-0.0128806,-0.00707006,-0.0189115,-0.0293855,-0.000506562,0.00014475,0.00134701
MSC,-0.0199435,-0.0116276,-0.000950963,-0.0129417,-0.00580951,-0.0103924,-0.00984375,-0.0105186,0.000134275,-0.00346372,-0.00767092,-0.00357952,-0.0432255,-0.00016612,-4.11365e-05,9.01508e-05,0.000125827,-0.00429749,-0.000926964,0.00213231,0.000232221,-7.55709e-06,-0.00481256,-0.000232549,0.0,0.00016422,-0.0421516,0.000118078,-9.5008e-05,0.000157448,8.93049e-05,-0.00448678,-0.000263548,-0.0164874,0.000332447,-0.000336456,-0.000816209,-0.000335475,-2.4812e-06,-0.000359285,0.00182826,0.00160787,0.000408005,0.00054411,4.11102e-05,-0.000291628,0.000477122,4.24494e-05,-7.05654e-05,0.000240218,-0.00334772,0.000165488,0.00148722,0.000169766,0.000451868,0.00188354,0.000288532,-0.000109477,0.000426213,0.000642498,0.00167005,0.000874966,0.00155865,0.00149475,0.00156661,-0.10197,-0.00626019,-0.121533,-0.00342314,-0.0821328,-0.0171731,-0.00704959,-0.00103091,-0.0294239,-0.00853939,-0.0270619,-0.0120534,-0.00808487,-0.00278854,-0.0930729,-0.00120542,-0.0165554,-0.00359879,-0.00264713,-0.00212613,-0.00461533,-0.00238488,3.18644e-05,0.00164521
MSG,-0.0217888,-0.000253372,-0.00118398,-0.000386089,-3.86481e-05,-0.0650469,-0.000122878,2.42849e-05,-2.59406e-05,-0.000101232,-0.000365849,-0.000427313,-0.00546257,-0.000456255,-0.000311051,-0.00051288,-0.000665296,-0.000302171,-0.00074039,-0.000203302,-0.000155403,-0.000204918,-0.000353595,-0.000333078,-0.00016422,0.0,-0.000163119,3.50893e-05,-0.000191091,0.00247094,-0.000342968,-0.000393657,-0.000255378,-0.000189459,3.22044e-05,-0.000718185,-0.00110336,-0.00104514,-0.00102525,-0.000680998,-0.000127053,-0.000373664,0.000446671,8.93423e-05,-0.000663063,-0.000689388,-0.00137783,-0.000258744,-0.000271195,5.88476e-05,-0.00410818,-0.000142039,0.000141599,0.0661023,0.00992122,0.00246249,0.000823936,8.22109e-05,-0.000219229,0.000746439,0.00112791,0.000983347,0.00071673,0.00089435,0.000742739,-0.00396594,-0.00725913,-0.00773306,-0.00182542,-0.00359121,-0.000228468,-0.00378194,-0.000445127,-0.0105794,-0.00124202,-0.0250182,-0.00400057,-0.000649238,-0.000701172,-0.0294339,-0.000814686,-0.000912527,-0.000311536,-0.000681621,-0.00205251,-0.0026291,-0.00427443,0.000445761,0.000565124
MSP,-0.0186616,-0.0482463,-0.000824714,-0.0069671,-0.0334993,-0.104514,-0.000256807,0.000137836,0.000127716,7.98592e-05,-0.000241306,-0.000593594,-0.00790714,-0.00013946,-2.24137e-05,7.54782e-05,0.000104146,-0.000427758,-0.000582746,0.00267056,0.000232207,5.32479e-06,-0.0354995,-0.000105532,0.0421516,0.000163119,0.0,0.000117655,-7.0442e-05,0.000155872,5.12261e-05,-0.00142886,-0.000187716,-0.015892,0.000294752,-0.000294079,-0.000709715,-0.00030562,-2.25745e-05,-0.000308685,0.00188977,0.00132364,0.000363105,0.000484225,7.41363e-05,-0.000246886,0.000356663,4.79073e-05,-4.91112e-05,0.000229788,-0.00294645,0.00017151,0.00305208,0.000165311,0.000392281,0.002246,0.000340742,-6.30171e-05,0.000443308,0.000628286,0.00270285,0.000921429,0.00147957,0.00135599,0.00145262,-0.00305382,-0.00550543,-0.0117556,-0.00276812,-0.00772391,-0.000405391,-0.0032295,-0.000824231,-0.00811943,-0.00081192,-0.0232742,-0.00295294,-0.000956536,-0.000373824,-0.0230792,-0.000570562,-0.00145442,-0.00011617,-0.000766762,-0.00156372,-0.00228081,-0.00205869,8.34088e-05,0.00148865
ENG,-1.92799,-0.00720717,-0.000938338,-0.0589684,-0.00433878,-0.00927635,-0.0068658,1.07209e-07,-9.29967e-05,-8.58558e-05,-0.00613546,-0.0105364,-0.1216,-0.000352008,-0.000184441,-0.000236164,-0.000360751,-0.0135998,-0.000397452,-0.000595295,-0.000155483,-0.000144086,-0.00231983,-0.000601086,-0.000118078,-3.50893e-05,-0.000117655,0.0,-0.000125623,0.000122233,-0.000378101,-0.000164038,-0.00576634,-0.0140009,-8.92236e-05,0.00537375,-0.000422181,-0.000427556,-0.000398632,-0.000338853,-9.00126e-05,-9.44319e-05,4.83312e-05,1.38786e-05,-0.000271871,-0.000303526,-0.00024207,-0.000231864,-0.000163483,-6.54853e-06,-0.00352678,-6.05879e-05,0.002773,3.47801e-05,0.0017954,0.00549245,0.00132516,0.000183428,-0.000212058,0.000649307,0.00374661,0.0012449,0.000294473,0.00041204,0.000389856,-0.00445343,-0.0032909,-0.00518755,-0.00160153,-0.00221801,-0.000168202,-0.00714403,-0.000810872,-0.00502335,-0.000827748,-0.0136473,-0.00226365,-0.00236464,-0.000275609,-0.0149298,-0.00157123,-0.000708236,-0.00158591,-0.000575721,-0.00204245,-0.00524896,-0.00132315,0.000392819,-5.45395e-05
SAR,-1.12793,-0.00307025,-0.000999521,-0.0282972,-0.00383577,-0.0249138,-0.004585,0.000163228,5.90634e-05,8.34128e-05,-0.00209532,-0.00523689,-0.039131,-0.00017392,4.21508e-05,-2.84443e-05,-0.000102656,-0.00404816,-0.0001844,-6.16032e-05,7.75138e-06,3.73483e-05,-0.00274733,-9.92453e-05,9.5008e-05,0.000191091,7.0442e-05,0.000125623,0.0,0.000289362,-0.000114751,9.61046e-05,-0.0107195,-0.00226465,0.000101638,-0.000154762,-0.000230681,-0.000229092,-0.00016279,-6.03708e-05,0.00547287,-0.000139914,0.000151247,0.000266436,0.00064712,-2.26887e-05,-0.000356127,-3.74693e-05,4.23854e-05,0.000235997,-0.00327309,0.000355457,0.000279067,0.000229926,0.00207746,0.000896739,0.000151454,-0.000127872,0.00117604,0.000682527,0.000598917,0.000843356,0.00263625,0.00123947,0.00190212,-0.00376742,-0.00284127,-0.00634531,-0.00102031,-0.00235252,1.02388e-06,-0.0121419,-0.00424301,-0.00640484,-0.00311613,-0.0120718,-0.0282346,-0.00710348,-0.000181689,-0.0201648,-0.00428597,-0.000826443,-0.00256936,-0.000378618,-0.00227759,-0.0221327,0.000324676,0.000141676,0.00133734
EPI,-0.154085,-0.00225293,-0.000822768,-0.00079397,-0.000118715,-0.000797779,-0.000217607,-2.2946e-05,-7.36373e-05,-0.00233356,-0.000663276,-0.000824742,-0.0084801,-0.000391143,-0.000282016,-0.000272025,-0.000644803,-0.000645846,-0.000508679,-0.000307566,0.00121157,-0.000128199,-0.00131878,-0.000733299,-0.000157448,-0.00247094,-0.000155872,-0.000122233,-0.000289362,0.0,-0.000444298,-0.000189273,-0.000442288,-0.000913378,-0.000653605,-0.000333302,-0.000541738,-0.000457576,-0.000574929,-0.000787454,0.000261897,-0.000402314,-6.78172e-05,1.13141e-05,-0.000302806,-0.000347519,-0.000600699,-0.000309213,-0.000190228,9.84834e-06,-0.00465825,-0.00010727,0.000473535,-0.000299549,-0.00280101,0.00186632,0.000425607,-7.01808e-05,-0.000180382,0.00080037,0.00110776,0.000949629,0.000479526,0.000821626,0.000992574,-0.002789,-0.00389243,-0.00797236,-0.00128804,-0.00325151,-0.00033617,-0.00611872,-0.00402108,-0.00584361,-0.000613616,-0.0147921,-0.00221306,-0.000432333,-0.000276155,-0.0176315,-0.0034475,-0.0010629,-0.000473184,-0.000672825,-0.00244578,-0.03678,-0.00160321,0.000398611,0.000435147
CEBH,-0.0236604,-0.00569382,-0.000714083,-0.0184125,-0.00114462,-0.00128274,-0.00155434,0.000251187,8.99659e-05,-0.00010104,-0.00334215,-0.00260214,-0.044592,-0.00024106,0.000135685,-1.65691e-05,-7.21021e-05,-0.00147518,-0.0247733,-0.00660615,5.84171e-05,0.00156581,-0.000570441,0.00512711,-8.93049e-05,0.000342968,-5.12261e-05,0.000378101,0.000114751,0.000444298,0.0,0.00050645,0.00971082,-0.00898603,0.00044833,0.00454615,-0.000438101,0.00963763,-0.000428388,-0.000186012,0.00385219,0.00268369,0.00147554,0.000943585,0.0016847,0.000284072,0.00471852,0.000510378,0.000207034,0.000446314,-0.00265614,0.00986465,0.000470632,0.000237216,8.38662e-05,0.000269832,7.60264e-05,-0.000169996,0.000916489,0.0006502,0.000490594,0.000715049,0.00315418,0.0015232,0.00207055,-0.0217196,-0.00499408,-0.0490398,-0.0467903,-0.0133648,-0.00209052,-0.384875,-0.0533405,-0.0126259,-0.00239449,-0.132941,-0.00476125,-0.00253405,-0.000645494,-0.0629296,-0.0903728,-0.019361,-0.0185683,-0.047186,-0.137103,-0.403177,0.000436294,5.39841e-05,0.00159591
CEBS,-0.0226332,-0.00656831,-0.000959643,-0.00755263,-0.000275362,-0.00629725,-0.0033285,0.000301072,1.78413e-05,0.000184743,-0.000143625,-0.000338771,-0.0104163,-0.00041022,9.43971e-05,5.7386e-05,2.80356e-05,-4.52844e-05,-0.0210837,-0.00339598,0.00040632,0.020258,-0.000730664,1.92347e-05,0.00448678,0.000393657,0.00142886,0.000164038,-9.61046e-05,0.000189273,-0.00050645,0.0,-4.28684e-05,-0.00502953,0.00254233,-3.36854e-05,0.0287313,-0.000652249,-0.000568359,-0.000345306,0.0034665,0.00159091,0.00085875,0.00104827,0.00134668,-2.60352e-05,0.00163214,0.000187187,9.02355e-05,0.000484863,-0.00419309,0.00228647,0.00160152,0.000135659,0.000423313,0.000420003,6.87739e-05,-0.000266558,0.000674103,0.00065287,0.00123949,0.000754946,0.00254424,0.0013941,0.00187836,-0.00393869,-0.006607,-0.967076,-0.00401571,-0.865671,-0.0715014,-0.0047761,-0.000183872,-0.0100306,-0.000811085,-0.030929,-0.00345267,-0.000484314,-0.000142788,-0.0295471,-0.00068421,-0.135522,-2.27419e-05,-0.0334308,-0.00210302,-0.00334589,0.000989994,-2.68749e-05,0.00125453
CEPH,-0.0247723,-0.139118,-0.0480401,-0.1439,-0.00263682,-0.00947414,-0.0395848,0.000547816,0.000163878,0.000151399,-0.0134945,-0.0100577,-0.0882502,5.29261e-05,0.000448403,0.00152103,0.00106356,0.00129288,0.000649654,0.0087935,0.00977511,0.0203921,0.00352592,0.0271893,0.000263548,0.000255378,0.000187716,0.00576634,0.0107195,0.000442288,-0.00971082,4.28684e-05,0.0,-0.020652,0.000254881,0.00084156,-0.000513458,0.000772712,-0.000508372,-1.30049e-05,0.00178719,0.0016526,0.000790135,0.00184389,0.000993542,0.000675944,0.0245045,0.00212183,0.00044702,0.000577125,0.00010282,0.00120124,0.00312366,0.000191307,0.000370975,0.000853065,0.000389235,-8.45996e-05,0.000338066,0.000598742,0.00226121,0.000709163,0.00193192,0.00124431,0.00214963,-0.00606011,-0.00504718,-0.0739216,-0.00375483,-0.0214686,-0.00444228,-0.114795,-0.00796652,-0.00801953,-0.00097442,-0.0250872,-0.00309897,-0.010316,-0.000217746,-0.0244924,-0.0485322,-0.0162261,-0.215267,-0.0079582,-0.0175678,-0.0349794,-0.000218523,0.000136287,0.00106574
CEPS,-0.0181094,-0.192616,-0.000877606,-0.25443,-0.0507633,-0.0141096,-0.00976227,0.00262472,0.000603927,0.000518813,-0.00498499,-0.0138798,-0.130997,0.00108272,0.00114011,0.00383119,0.00511818,-0.0112492,-0.000951673,0.0317729,0.00440107,0.00231007,0.0103139,0.00205016,0.0164874,0.000189459,0.015892,0.0140009,0.00226465,0.000913378,0.00898603,0.00502953,0.020652,0.0,0.00595954,0.00112479,0.00291446,0.000264248,-0.000341602,-0.000275192,0.00161449,0.000713717,0.000426105,0.000576279,0.00030732,-0.000177283,0.000669798,2.6538e-05,-4.33397e-05,0.000384257,-0.00343767,0.0011352,0.00156173,0.000360434,0.00332276,0.00151981,0.000357279,-7.57103e-05,0.000299573,0.000639294,0.00158943,0.000826643,0.001506,0.00118953,0.00132698,-0.00638358,-0.005474,0.00746918,-0.00852072,0.0312555,0.0307431,-0.0160641,-0.00135603,-0.00846169,-0.00114078,-0.0378781,-0.00342974,-0.024061,-0.000314726,-0.0251055,-0.00292462,0.01263,-0.000102981,0.0169736,-0.00480229,-0.0148521,-0.00115344,0.000178134,0.00109333
DNS,-0.0183255,-0.00354579,-0.000870745,-0.00290754,-0.000878985,-0.00112817,-0.000421339,3.74209e-05,4.54209e-05,-0.00492077,-0.0179267,-0.0203122,-0.0243701,-0.000316603,-0.000149281,-0.000886424,-0.0273728,-0.00193835,-0.00478538,-0.00403082,-0.000450484,-0.000116681,-0.000829389,-0.000479432,-0.000332447,-3.22044e-05,-0.000294752,8.92236e-05,-0.000101638,0.000653605,-0.00044833,-0.00254233,-0.000254881,-0.00595954,0.0,7.29316e-05,-0.00383982,-0.000126242,-0.00259724,-0.00505931,0.000625705,-0.000529071,0.000270845,0.00053878,-5.39974e-05,-0.000387321,-0.000718215,-0.000154025,-0.000125419,0.00115112,-0.00353595,0.00248467,0.000231466,0.000427108,0.00755628,0.000350286,0.000216496,-7.34308e-05,0.000381118,0.000675272,0.000385425,0.000739517,0.00121795,0.00119797,0.00108236,-0.00418134,-0.00525248,-0.0780196,-0.0113656,-0.0377268,-0.012162,-0.00498882,-0.000683179,-0.00829615,-0.00100128,-0.0439257,-0.003112,-0.00469588,-0.00042342,-0.0250614,-0.00145145,-0.00987982,-0.00434471,-0.00235593,-0.00247767,-0.00951888,-0.00210663,0.00023113,0.00114262
DNH,-0.109133,-0.00103405,-0.000326554,-0.0035133,-0.00012458,-0.00236241,-0.00411519,0.00049832,0.000102348,4.45535e-05,-0.00293122,-0.0047997,-0.060423,-0.000165083,0.000493905,-0.0948596,-0.0153129,-0.00566953,-0.00555956,-0.00279428,-0.00224461,-0.00147914,-0.00258289,-0.00522559,0.000336456,0.000718185,0.000294079,-0.00537375,0.000154762,0.000333302,-0.00454615,3.36854e-05,-0.00084156,-0.00112479,-7.29316e-05,0.0,-0.00062059,-0.000128495,-3.44936e-05,-8.87128e-06,0.00170565,0.00144048,0.000929766,0.000878259,0.000915457,0.000450043,0.00988338,0.00113276,0.000485159,0.000722704,-0.00118669,0.00319346,0.000424671,0.000278892,0.000142161,0.000283289,0.000164588,-9.47106e-05,0.000454515,0.000712373,0.000456011,0.000783564,0.00169941,0.00130008,0.00258931,-0.0820512,-0.00359268,-0.0151962,-0.0323447,-0.00582975,-7.76267e-05,-0.11945,-0.0129518,-0.126489,-0.0465192,-0.0948073,-0.0776857,-0.0273212,-0.0304226,-2.87326,-0.0175066,-0.0024949,-0.00565234,-0.00233513,-0.0224801,-0.0211155,0.00461889,0.000356844,0.00125427
DRS,-0.0168805,-0.00136797,-6.6914e-05,-0.00196799,0.000488756,-0.000498151,0.000292031,0.000806997,5.17283e-05,0.000632068,-5.55761e-07,-0.000724677,-0.0107698,-0.000229692,0.000845233,0.000547828,0.0005755,0.000122993,-0.00223911,-0.000588957,1.206e-05,0.000680712,0.000355179,0.000728882,0.000816209,0.00110336,0.000709715,0.000422181,0.000230681,0.000541738,0.000438101,-0.0287313,0.000513458,-0.00291446,0.00383982,0.00062059,0.0,9.06992e-05,-0.000288111,-0.00536628,0.00135107,0.00259638,0.00243053,0.00286923,0.00291959,0.000749899,-0.000153995,0.000608239,0.000620805,0.00107611,-0.00260476,0.00513085,0.00294711,0.000361073,0.00123956,0.000512937,0.000216909,-0.000111142,0.000291846,0.000633344,0.00202221,0.000756701,0.00249202,0.00135846,0.00167886,-0.00189668,-0.00345864,-0.242945,-0.0055392,-0.119084,-0.0101814,-0.00217316,-0.00191116,-0.00570312,0.000333148,-0.0294299,-0.00130392,-0.000839513,0.000988669,-0.0210946,0.000339804,-0.0246461,0.000765965,-0.00638617,-0.000483815,-0.00174172,0.00939619,9.03901e-05,0.00115056
DRH,-0.033694,-0.00115378,-0.119463,-0.00100012,0.000433576,0.000227421,-0.000182787,0.000675807,8.25941e-05,0.000448836,-6.43513e-05,-0.011375,-0.00682882,-0.000206757,0.000783569,0.000551355,0.000432927,0.000535623,-0.0038006,0.000111214,-0.000713547,0.000630155,-0.000299917,-0.0297827,0.000335475,0.00104514,0.00030562,0.000427556,0.000229092,0.000457576,-0.00963763,0.000652249,-0.000772712,-0.000264248,0.000126242,0.000128495,-9.06992e-05,0.0,0.000137291,0.000145875,0.00199547,0.00191879,0.00600809,0.00101483,0.000804154,0.000380215,-0.000281654,0.000511585,0.000464812,0.000921478,-0.0027161,0.0012401,0.000429136,0.000333158,0.000149959,0.000292966,9.61308e-05,-0.000142519,0.000361903,0.000704232,0.000468098,0.000793374,0.00210508,0.00132899,0.00227454,-0.0911952,-0.00373325,-0.021572,-0.0184376,-0.00688292,-0.000180667,-0.0446656,-0.0524547,-0.144414,-0.0586684,-0.0621227,-0.822103,-0.0237069,-0.0670871,-0.532184,-0.00685693,-0.00379894,-0.000954202,-0.00256328,-0.00737864,-0.0220012,0.00820618,0.000253868,0.00126026
